95398
40525
43591
61390
57629
61204
42989
47546
52116
51831
53505
68260
60329
60662
39867
44587
43801
52639
79080
36214
40256
45506
31988
28794
40324
48598
30800
35399
31820
32104
65532
34630
30297
36513
30985
31512
25396
41889
32595
32457
28157
35361
34265
27708
34463
29789
33424
26443
27419
60889
30013
34206
35010
34662
29555
30758
25806
33091
30438
28516
36509
31370
31795
31123
31965
40485
36595
32094
31992
32184
32831
28188
31267
37972
30495
35909
30330
31842
32070
33841
35507
40371
32731
31270
29055
34668
29100
33713
29520
35586
36779
27199
30536
35122
30816
33803
35128
38457
30105
28437
31702
35115
29914
40639
48726
50893
42076
43944
67691
79236
53286
59378
52634
72275
54978
50959
51868
52203
55217
58004
47210
67405
52672
60158
54754
68164
58090
49399
51824
70999
52017
68276
48866
62284
39820
43484
49482
68550
58411
53535
63425
68055
51930
51370
48354
73530
43480
57579
46727
75357
59171
59031
61785
75515
50454
58665
55359
74112
46096
39503
58614
63786
46856
58322
56355
55457
48023
48086
47489
68115
51973
48819
59168
62744
56203
52039
45277
68209
51446
51956
51054
85353
45937
42097
70685
76240
93410
59156
54621
90386
53208
49537
48972
74840
48731
46220
39544
88037
46375
46899
45055
54443
54743
89770
62962
70775
59966
70049
152261
94470
50952
56151
48957
72948
46773
71576
44181
64698
53728
45586
46307
91459
47505
51199
59165
58403
43244
43870
41957
53843
41546
44503
51441
72187
52511
45219
50209
70448
53620
57990
46212
68115
58512
52269
47508
69658
52981
54302
44611
63140
44674
48505
53546
69870
45967
45308
47535
74102
48180
51466
39018
52777
46523
40758
41144
53811
36015
43629
55815
59922
43772
82016
44279
40025
38268
43272
34565
56041
42337
67427
47494
50297
37528
37742
43811
49616
41458
38491
36681
50003
36474
41332
41348
51760
29895
32690
30917
58482
39230
33857
38004
46371
34094
30548
32057
41508
29375
32809
28661
32917
28645
26173
32021
41641
34244
33624
29153
34495
36547
29292
30120
41034
31606
33453
27722
37296
35254
29291
27577
41495
34529
27038
30714
34033
32623
30155
33713
51389
36029
31941
26444
38602
34139
26909
30473
33005
35230
35549
29001
35691
27280
34876
28101
38649
28684
30062
35806
36658
27984
34122
31538
42069
28178
35777
35477
41063
33830
33079
30053
36893
32403
27767
27937
34363
27612
31550
29296
41060
28342
27247
31247
36212
35300
29067
29550
67052
27911
34190
31024
33500
28106
31688
29926
39775
28346
30729
28223
36097
32069
27873
29883
40792
27787
30048
28162
40996
27481
34316
27960
47402
36678
32103
37073
34447
33939
31325
34792
43510
26211
25563
25966
32939
27511
26695
28862
41156
32335
34263
30756
40342
27588
26168
29179
64684
44649
42602
38367
54124
34605
32884
32782
37044
29682
38573
41547
46107
38991
32016
31270
32652
28239
36473
40276
36544
42169
32918
32347
36316
29473
31899
36210
37868
37896
30606
32797
40789
31631
27931
26861
33474
35449
31807
33805
39225
31957
30072
23475
39149
43171
28712
27122
45289
31563
35538
39960
56981
32865
30350
47020
54305
28060
40453
39950
44002
105382
55989
36700
49347
36186
37685
55606
53635
37045
34366
55267
62722
39087
32807
38545
43920
52005
40645
34634
42475
38622
36927
38597
49841
52233
35480
44109
47441
34745
35398
38752
43876
45388
40887
37615
42888
36036
28326
43454
47840
37113
35764
42646
59200
38316
52348
51811
43505
38877
32046
38069
49736
46229
37293
60020
48898
29390
38575
33257
58049
60723
45073
50216
49200
36974
32896
40069
48349
37234
36718
40767
40840
37220
32607
35192
44199
48406
38178
37994
45549
48022
37449
27274
45628
47006
38385
33120
40593
36180
37882
34445
41658
34252
34965
34998
47181
32655
37258
36731
42373
33505
47614
33015
44038
33186
34795
36399
44926
51680
57932
32541
62944
38957
32846
31769
41616
36489
40724
32743
52013
42044
38212
36033
41638
39915
40215
35745
48962
36611
32862
29861
41638
33158
43558
33074
40661
34232
35515
38490
35910
32797
37197
43871
55456
33321
40720
40966
43276
46842
38253
43333
45489
35771
34632
37976
42884
36552
41681
52838
47430
39101
53454
44682
54246
42589
43687
47918
53902
43073
35567
48318
55629
42760
43192
30653
49747
42366
38199
37171
45236
45635
40439
40421
44318
37946
58971
46551
51931
47931
38983
35531
46066
38446
41598
38204
50794
40842
35609
31471
52899
44632
38097
37058
46477
35706
34399
35934
46328
31138
43247
35026
42060
35835
33080
31623
44804
33656
25486
33234
47105
27551
27167
28118
93178
32801
47376
37535
46330
28364
27808
26296
53920
42055
29703
33462
46223
54460
31688
28843
52450
41632
125308
49898
61915
45281
35842
45392
53745
57132
43712
72444
55374
39660
39692
44997
50607
39997
43360
29185
38499
29878
34488
30921
45177
31854
30983
32346
36934
34148
30156
27412
38928
29323
38793
35678
35768
28878
33862
35272
42468
33408
35359
30614
40627
32564
35154
55052
75757
34860
40068
44690
69994
45447
39310
33794
86480
28730
22960
30670
35546
40578
35627
29129
42473
26874
28894
28332
33487
28055
31829
35700
37772
31428
29681
27331
36395
34526
26873
35740
41357
31951
32543
32515
39481
31630
31971
30014
41500
29964
29470
27640
39872
27636
27608
31698
38611
27842
30723
35493
59772
32282
37348
29417
41722
30744
31549
37820
39222
28092
24615
31097
40769
32858
33437
35325
34195
33123
26661
27721
41209
28270
27607
27224
34079
39320
27839
28056
43702
32046
37787
28129
34807
28146
29689
31440
44144
49392
35641
26401
34877
30434
29496
28400
37365
28903
27980
34655
35161
35425
28108
29163
42032
27219
26404
31456
36048
28034
36442
29671
46377
33111
34786
35877
36070
30831
29402
29237
43352
33349
28205
27928
33611
33805
74447
29365
41873
35648
31670
31980
34202
27730
27930
29436
42755
27548
33872
31556
36085
28743
28086
29818
42266
35783
29049
31703
35258
27009
26676
29426
42174
32248
30579
28376
35329
35336
27871
31207
41984
27125
27757
33722
34415
28022
28309
29312
44059
27016
27076
32377
34607
35140
28038
27064
41918
26729
29218
27927
40962
30767
29674
36139
46643
33568
34560
28121
35063
27661
26553
29549
37257
35794
27578
35030
41040
36463
27635
27960
41308
26827
33766
31100
40940
28385
25923
25714
41105
35324
33570
31212
40864
29781
30781
31770
42623
32792
35426
29514
36180
30636
30856
29570
35696
32553
33675
27026
39145
28088
27980
29772
41039
33481
27725
26809
34043
27517
28968
29218
42475
26277
42766
27813
33155
29660
28086
31672
34941
29315
27872
27616
33029
27508
27923
27803
37552
32083
30174
28541
39691
32390
30559
29281
35428
25015
26801
27582
32829
27760
26115
31029
38318
32506
26637
30228
35221
30674
31414
28308
44026
25576
26831
26043
33698
37311
28228
29412
42847
29689
27265
28163
37207
35820
25821
29878
41465
28488
30716
31027
33342
26808
30317
28877
40095
27310
27359
25901
36796
29031
34787
30136
43162
31035
26373
28938
38677
29600
36593
30836
41562
33551
27890
35808
36703
33477
31369
30710
40997
27765
27805
25505
36918
31604
31736
28199
41645
34500
27366
34138
40700
26531
27467
30905
41067
27237
25888
27822
32871
34512
29646
30594
44121
30096
32033
37042
34936
28261
26808
35132
43837
33227
27232
34000
34986
34770
36606
28154
43207
31575
29293
27572
40023
26999
28747
27737
41411
27985
26354
27888
34876
28179
29148
28969
40711
28003
31557
31907
34756
30475
34539
28801
41079
31775
31328
30089
33812
35782
29208
28043
39648
35116
30796
32168
37112
28981
27723
35517
42048
35664
26603
28713
32819
31997
33400
33480
41125
29409
29704
35005
35409
30008
28343
26708
36913
26739
36076
30096
35956
33257
27253
32638
54749
27915
26180
26635
36204
30726
32599
33801
35648
33960
27720
33374
34646
34447
27561
29548
35656
28556
28649
30691
35780
33844
27481
29628
41365
32556
32598
31266
35305
27622
34580
29027
74236
33145
28126
31630
34370
28050
33391
28608
45833
27931
31374
26732
33341
35235
32602
29512
40656
34962
30748
30943
32789
26670
29674
26970
41074
31041
33203
28185
36053
41191
35825
31313
41238
34038
32251
32339
39627
34613
30850
34813
45580
32309
28496
27143
36660
32248
36633
29544
41647
33805
27751
35021
39364
32517
36722
31465
35740
27676
27765
27257
40490
27609
29187
27747
43335
30428
37592
35496
35349
30945
32258
31313
35403
26990
31345
34257
36217
26699
27323
29434
44136
28011
29763
29674
33440
34987
27536
34603
40890
28636
27227
27905
36220
34760
28083
31480
73000
26835
31747
36760
38083
27023
29144
28680
41330
35148
36287
28051
34349
27970
31746
29790
40252
25969
27587
32385
35841
35108
30952
32599
46767
27661
34891
31650
35246
27020
25908
27437
41469
27802
25596
33756
33449
34875
28780
28159
41185
26933
26093
34996
36724
31464
31863
31101
33751
29511
26464
27055
38044
30386
30484
40024
34820
32461
33370
34691
35092
32681
33824
39474
58061
28135
30744
32363
34153
30487
28208
34961
41493
36273
28527
28730
37908
31927
34247
36632
33524
27059
26716
26625
37154
33707
26600
41412
34413
30587
26932
27687
34940
28246
29992
36250
33630
34052
34032
34281
33735
28016
27676
41289
33932
27710
38463
32001
35676
26267
30226
36345
45694
37921
49834
33045
40572
28361
27665
37426
35204
35108
34858
31052
34767
27875
27282
32904
34509
26809
27076
33607
40671
34811
34799
36812
34639
31593
34174
25883
41335
32141
35707
35500
34920
34266
27769
27627
34076
26478
28717
31603
34612
31859
35609
33598
32724
31025
29920
37324
33182
31793
30842
27938
33968
30333
33610
34463
38272
28538
27617
45991
37365
35377
32412
36481
42242
33482
33766
31267
36666
28037
31429
36841
34711
35631
33009
30619
34630
30296
27414
33528
35021
30415
31652
32355
35312
33961
30682
34676
33854
31139
29420
30658
37041
27863
26842
37612
34980
34494
31197
27230
34778
29525
36143
31473
38199
32263
32435
31849
32454
26609
32042
34747
34915
33927
28740
27911
36899
35275
32386
36564
34392
35063
27035
26866
35226
27574
33644
36698
33515
28088
29827
31443
39451
35994
31661
36717
34863
28479
34234
35615
36032
27564
25913
32795
34879
26920
27219
26651
33288
39335
31801
39934
62371
32417
36619
28777
42460
34659
31443
37416
35170
30516
31039
30634
35827
31255
33721
33056
36681
27739
27427
28193
34174
27142
27121
37234
35720
31821
33006
29464
38441
35970
33007
39399
36449
33836
29120
35378
37914
30960
34918
38780
39982
30282
32944
32698
34171
29760
29037
42143
33227
26741
27033
27721
33779
28432
30859
37289
34946
28024
29760
27435
69699
34521
28275
42864
36522
27030
25776
26828
33822
30743
32102
32429
34732
27353
27838
27657
33445
25789
27574
40359
39489
32236
29152
34659
35433
35108
28071
36966
39441
30584
35748
27993
34099
33397
32062
33683
32946
27181
30177
33794
56916
31417
29728
39852
33960
26974
32754
31331
70707
32676
28145
32458
36280
34496
30953
33490
32727
26989
27606
64436
35798
32376
29070
27284
42486
28898
27250
248158
54954
39423
35163
26816
35991
30363
31472
28601
42663
30043
34396
36038
34309
31671
28126
28127
49541
29557
27925
31169
34470
27448
31807
32531
36882
34403
31389
32502
39929
31827
31326
32398
35712
32020
34065
37926
33692
35679
31345
28087
40121
35744
31817
33279
34313
32500
30797
31488
33859
34476
29155
35247
35891
28363
28047
27071
40050
28705
26924
35933
38745
36235
34430
30415
35125
32690
31273
30430
34898
27378
30206
26787
33382
31434
31278
40809
36108
27988
28140
29719
36738
28557
30211
31414
40979
28946
33491
29543
33080
27432
27839
41238
290520
280333
37480
37075
32332
34000
31839
36127
32257
36002
35035
35537
27323
27228
28422
32741
30431
30728
29996
29948
28074
29798
33001
32938
27807
37357
31351
28920
27590
31233
28981
31982
27747
28038
33328
28031
27833
31150
28212
31307
28107
33900
29485
30899
30161
35269
33834
31394
29962
33503
36598
32579
26288
33589
28773
33038
33105
34694
28558
27084
26198
28986
31364
33213
36123
29473
30565
33229
25823
30254
35104
32762
29627
27775
28207
27764
31585
31717
35200
36799
26578
36229
33548
35467
27426
32644
26303
29400
24941
33301
33587
28172
35192
31345
30667
30006
29382
27731
30487
30395
30886
33838
26931
27622
35226
37121
29652
29565
28710
32480
32753
30771
27223
32571
31713
33258
27915
30551
35616
29129
27995
27846
27962
28417
31033
31294
28479
32714
27300
33626
34761
28267
31892
32216
32009
31127
29785
36708
28003
34905
27464
35219
33390
32445
29028
31804
29276
28037
26928
30914
26830
36325
26570
31749
31351
35066
29409
30721
31328
33086
35204
29637
34015
34882
27880
38714
35333
38368
28414
34244
34923
28587
29884
33925
26877
37402
28472
32016
33859
30509
35093
29375
28412
30890
36795
29028
35986
34190
26884
29898
32221
66866
31085
29208
29515
27430
28034
32174
32748
30985
34029
35545
33632
30286
28248
31783
28641
31610
28894
31843
35483
27198
26846
31054
26222
35018
29486
29310
28887
38997
35750
29555
29899
31727
30312
28703
36041
36458
33362
34759
27527
31481
28170
32125
53453
29116
31276
29022
32403
30393
29534
37374
30404
31245
31708
32649
28571
30573
32126
30418
30350
33575
34270
29588
30812
31346
27517
29987
31310
29245
27724
35146
32088
31428
35316
31514
34495
43195
31419
35037
34750
32795
28288
29365
30667
34676
31233
32565
29094
32319
39115
38013
31615
34901
32405
31970
31361
32694
35056
29386
30503
32488
33709
29737
29529
33237
26169
31479
27085
31539
33731
30821
28237
30957
29147
29536
31448
26321
25591
32318
33913
35950
26762
34098
34019
27351
31240
29268
32052
30590
26136
28873
31734
31438
28222
29976
32529
31114
27578
29233
34450
27040
27238
33841
29007
32393
27183
33360
29938
35205
29077
32013
28366
64663
28829
38477
30092
35569
27856
33103
31886
33986
35627
36640
28804
26295
28932
29680
31781
41175
28555
31672
31695
28205
28172
35337
28448
33684
27948
34345
34295
28252
27541
31573
28278
31875
34626
28859
31230
28273
27406
32212
32619
33030
27807
31145
28894
35459
27031
28863
31521
35584
30712
31122
30617
33159
29356
32051
31909
30508
28937
36703
30539
26277
32528
31058
37410
38703
31027
30915
32023
33261
30073
31581
31890
36709
37394
30338
31555
31612
28595
34700
28824
30747
28464
31456
34962
28137
33349
30752
28276
31770
28170
37141
34811
29097
41632
32959
28702
29719
26797
31968
32079
31570
27010
32496
28294
30232
27045
27178
33276
25242
26545
27478
35744
37483
37945
35646
28625
36375
28957
31886
29144
32974
28677
30291
31388
31304
35393
28585
31158
38923
32170
30979
28163
35720
27106
36692
35706
33060
31055
35377
31310
30501
34561
31510
35468
30688
28138
29714
34678
34354
27799
30580
28235
30654
35074
31279
30827
27687
35670
31664
31563
31696
28654
32622
28319
31853
29516
32916
27975
29664
34620
30761
31401
32130
28358
30037
34995
32996
28595
37257
27635
27489
27163
28082
35215
33625
30751
32274
28005
35520
27910
33101
35028
30481
26874
28375
32424
28054
27519
30481
34341
35006
31639
29343
36747
34288
28508
33685
32278
32294
30793
31027
36079
41496
28394
32724
30651
36548
26845
30143
28497
30173
32320
34143
32264
33362
36084
32356
34939
27521
29923
32015
29715
30977
34359
37644
28317
30328
28687
32724
31023
31917
34919
31001
32256
33157
28442
36585
28934
28605
26462
28384
26832
30800
33333
30308
31790
34936
26468
28379
33510
30676
32634
36631
28135
31409
28603
32762
30666
29029
28837
27505
30806
41857
35713
32142
33823
32358
35086
31749
30039
40926
31411
30839
29075
27433
28323
33310
27138
33467
27179
28277
27647
27570
28274
29357
32884
33339
28208
32921
30757
28268
25756
29656
31383
33186
31293
29797
35796
28074
26225
27644
28140
33679
26445
27901
33409
27894
29591
31611
36096
31526
33926
33633
30362
28190
28005
34688
29425
28407
25959
26898
30001
31402
35318
31704
33308
37935
29623
32273
29046
26127
25848
33390
28872
31413
28127
30969
30754
35667
26748
27412
32266
34027
28730
36761
30594
29840
31018
33877
33965
29304
27724
30345
28555
32024
34241
30367
28379
30733
30042
30969
28443
27046
28393
30322
25867
30527
33716
29736
30199
26247
27561
33940
26837
32765
28010
32212
31734
27089
30819
35010
27680
31847
31308
30393
33617
29796
29064
29793
32933
31751
30041
31249
28611
28028
28164
30076
28685
32859
27586
38563
28290
27362
26242
33983
27492
30102
35587
29634
34096
32762
28074
35635
26544
34751
30030
29182
26555
26825
30583
30737
28698
27821
32203
30115
27712
28162
28882
35415
34068
27883
31010
27704
27470
27729
34454
39885
26093
28239
27349
27768
26181
34041
35612
30377
29920
26435
25403
31164
31763
27625
28022
35861
28260
27636
27036
28699
26924
27767
27674
39320
36027
27944
27899
30037
27848
33577
31474
34902
31052
32701
33984
30325
28739
27199
30085
38175
27184
27388
27569
33217
33178
27739
26682
40741
33384
27924
29359
29129
27968
35197
27918
36619
31287
29421
28023
29472
28822
27465
34759
36353
30858
32854
28880
31389
25986
28017
27338
35387
26544
28306
30283
32951
27927
32649
27479
36402
28502
34533
33707
30039
31101
32661
29373
36560
30852
29854
27984
29410
29149
31359
29617
36220
30594
28380
27603
28430
36583
41749
35516
31347
29399
30902
32830
32560
31899
43771
28855
33521
31432
35734
26975
30093
33325
32999
32956
31023
30734
26390
26318
33485
25949
36288
30462
30979
29469
28013
30563
33163
27957
36847
26680
29987
28132
29938
26695
32066
35488
38636
33497
30550
30547
28720
29458
27553
30290
36255
26644
32537
30050
27444
25958
32927
27325
36928
26797
27381
34689
31841
33548
36765
29475
34358
26198
26652
30154
26774
28331
27040
27481
40314
31964
36449
28867
28352
27362
31729
35351
39497
28780
29602
35225
26043
30979
31041
35097
41530
32223
31642
30514
26957
27107
34716
27866
38523
28519
30634
30998
32394
32829
35386
29148
34318
27250
32451
29316
28441
28039
30562
24773
33702
27496
31734
28017
29710
26736
26517
25752
34393
28118
29836
36563
27499
35681
30903
31099
39073
28462
30175
28450
34866
30957
30035
30237
31642
35895
28757
29832
33681
27799
34148
29544
32540
32523
32346
30741
26977
30952
32167
32534
34520
26857
34041
29121
32230
28176
33675
26093
37266
34967
34156
29847
29641
35103
27700
28458
31998
30384
36078
35780
31296
31198
34165
26810
32843
28195
31805
31399
31891
31659
29451
31707
32827
32208
35012
28266
31073
29040
30181
31694
65800
28587
30130
30592
31050
28781
30653
28478
42179
36123
35608
35120
35717
32444
30579
30984
39441
32098
35036
37038
34448
31911
36575
42492
38167
33099
36643
30000
32025
32049
33474
36172
48940
42836
33903
34012
28768
28049
35245
28123
32918
34508
31750
29755
34160
33572
32919
32398
33503
27870
32596
30505
34099
31806
28106
31173
28611
50612
38014
32747
28276
27970
32769
25051
31565
27330
33937
33088
28155
33279
29244
35169
28436
32280
30538
32058
32349
26656
29367
31413
28462
28033
34622
31987
32855
32126
28712
35605
35616
31236
35441
32193
30863
27893
29744
32477
27875
28751
29307
31496
29676
33306
33091
33294
32751
28505
29358
32422
32930
31997
29945
35791
31559
26687
35844
34594
27900
27513
32881
37325
32495
27713
29271
31028
27742
25403
26967
32559
30563
30140
32193
34723
31272
32551
33660
41218
30351
31008
32017
32566
34502
32379
27502
32822
28107
27789
30718
28933
29442
29500
35288
35972
29434
27577
30783
36555
36745
33121
30693
35705
30962
27715
31430
27673
28047
29441
30233
35424
27017
25236
30549
26860
29722
30123
35439
33453
28754
31812
36154
34293
30341
27875
32683
37788
27805
28213
35679
28599
29762
26996
27860
33413
26136
33093
36418
33990
28071
30982
29033
40105
31819
32769
30470
28792
33244
30862
33636
35547
28083
27167
29498
31282
33701
33565
34431
39139
29755
31590
31592
31305
34108
31154
30168
30822
29189
30251
27227
28414
29134
27975
29597
38059
26679
26501
28407
26830
29316
31781
34736
31553
28852
26998
27074
34617
27914
28573
33076
31830
28314
27996
31080
31243
33215
29424
30458
34383
29016
27627
35719
36269
29914
27962
31916
36584
34828
32036
38638
28251
28183
33650
31483
38265
28005
30893
31205
28162
30051
27819
34595
28484
24479
34318
33088
32991
28422
27524
29043
31663
34326
27812
28861
26758
34156
28229
32303
33567
32727
33867
29228
27831
33818
27796
32948
35047
35797
27093
35975
27484
33749
31772
34533
36318
27522
27499
31141
31123
33595
28091
28789
30222
31479
27874
28613
37414
30337
31338
30974
32480
34423
32049
37046
30979
29576
46587
35254
39085
29404
32199
29672
32467
30840
30045
32048
29467
32848
32575
28375
28094
34761
26366
32688
32334
30680
30849
29604
35559
30844
27325
26764
32834
27457
27345
31072
25915
28360
27744
32353
32767
27496
31584
34679
28486
31386
28017
31100
34763
32276
31359
30311
30960
33444
27691
29855
32494
32056
32258
31586
28195
28607
31652
32662
32667
30471
29279
32575
29341
29207
27075
26905
34135
27877
28516
31072
28271
33059
31820
36568
37179
35605
30728
29492
32943
30258
31799
29592
37454
26693
25838
27918
33557
29940
32059
36608
38865
26855
33414
29054
37624
28312
28415
29662
32504
31557
31157
32287
27024
32146
30500
32680
36356
31397
31758
30166
30627
31664
28243
32810
38568
40550
27157
33647
28028
34301
33209
35628
38230
31639
33366
34389
28096
33791
31114
32838
35016
34854
32006
28387
32359
28547
28260
30075
34892
31530
26556
28820
27750
33697
27816
29413
37311
33241
27027
28449
28505
27908
27988
28822
31505
34006
32758
33184
26469
27632
31169
32482
37263
27068
34408
33005
30753
27210
34677
30439
27903
28145
35367
35116
27575
30657
25818
31818
38457
28519
28482
25757
26200
34112
27889
29989
32743
30113
30400
31278
33276
29419
34415
31014
36510
31367
27792
30356
27659
29762
32697
30624
31841
31875
30638
36043
26902
34937
27636
30005
66142
29428
33323
32945
28509
33455
28329
30000
37698
31764
27983
27504
25701
29970
31353
31321
39232
31783
34631
32563
27597
31101
30331
32163
66709
28170
27930
29831
30115
31965
25847
26473
27284
26626
27582
33396
27666
35630
32952
38822
28008
28436
28597
31204
26723
33271
28077
32679
35904
28706
27779
41923
31010
29438
27744
32916
33872
31032
31283
32738
30963
31416
27358
27090
32099
27899
28087
28372
33209
34054
27185
34175
36245
30832
26989
32549
27814
33148
30686
30256
73563
39286
32821
29213
34895
33178
32257
29409
29455
27713
31442
35185
29237
27120
27047
29342
28624
33512
35125
31702
32533
28971
32000
37144
28648
28222
28290
28082
33295
27498
26969
32830
27375
27023
31803
28950
27475
26209
27688
29513
34730
35388
25915
31815
30665
26351
35348
35121
33334
34421
29811
35973
30945
28446
30872
34899
30763
32389
32155
26759
30386
32305
32273
35238
30144
29401
29257
29162
29898
31615
35464
31792
27833
31754
29895
30692
29530
33807
32460
35322
28326
27891
27809
28531
34357
27319
27279
28226
30320
31714
31129
30333
29671
35621
26439
32430
28296
27229
26451
32130
30779
28046
27585
29621
35840
34738
28218
29947
28012
27081
35285
30136
27831
28175
30634
27471
28543
31204
30911
31881
34312
35734
31124
34284
30617
31770
32079
34743
28481
28673
34652
28485
35566
26766
35454
28072
30693
26719
28058
33136
32445
30522
30630
29492
27724
27047
27328
32363
31135
29828
28237
29847
35458
35415
27452
31700
34276
28238
34200
32075
28670
30082
28189
35403
34582
31375
30398
36704
26671
30616
31355
33375
30256
26949
30021
33150
27807
31132
31481
29927
32219
31244
34098
32991
31513
32394
33566
29340
32865
27808
33494
33814
27295
35936
36174
30662
35071
32871
29939
29706
33380
33006
28308
32916
31948
28343
30925
36211
29382
31105
28008
35796
26782
28583
27907
27913
27377
26954
27677
26219
25923
32640
34232
30167
31012
30413
27105
27430
29868
29202
31071
30625
29119
26061
27870
32840
33312
31590
30729
33569
29743
28854
28880
26973
27925
28070
31002
31252
27307
32038
36794
35328
272284
30160
28591
29256
29852
27635
28328
28360
28048
31449
33869
35089
29682
32063
31556
31941
34233
30151
35443
35112
36101
31092
27928
26950
27443
29249
28459
31125
31270
33256
30865
31078
34041
30150
27684
31571
38057
26605
27685
27902
27232
33729
27823
39481
30499
35304
33532
28561
27138
32002
28933
38596
29306
27505
27743
30677
34307
29056
32764
29862
33892
28203
27230
28329
34768
33956
28054
27104
29803
33425
27812
31115
29097
30997
35396
34677
34325
25812
27109
27091
36999
35752
30180
34576
31107
25949
28090
32854
31011
33667
33324
29959
32101
32331
26613
27592
28005
27819
35155
27256
31911
33939
34459
30249
33106
30675
30204
27223
31736
32016
32428
25699
33956
31528
28413
31434
32387
27464
30493
30836
29688
28561
28117
27329
29627
35659
29422
31295
35508
33446
27798
31191
35687
27389
27244
26077
26801
33137
33521
37496
36288
27895
28164
26008
28525
33411
34279
31105
30589
36021
27885
31212
35907
30839
34938
28021
32643
28457
28255
27511
31413
30533
34202
27621
31543
32186
32966
30339
32022
31498
29343
33783
27180
30607
27086
28306
30979
34266
31317
27717
27779
25666
26046
30256
30637
29883
29231
30852
34898
27754
25960
27452
29002
33222
28096
27685
29255
31598
33456
27816
30593
29313
31598
31048
31927
31973
30349
33591
33176
35568
27963
34401
28177
31012
34399
28691
31685
27652
34951
28896
35366
28281
29674
31228
30517
31265
31182
31575
29616
35902
28550
35153
30594
41598
32469
30192
32003
33504
28366
28010
29334
26334
30780
29060
34023
28103
27277
26398
29033
31370
27374
34781
26185
28892
33266
33008
36328
27398
27906
31425
35364
34256
30202
31906
34962
28117
28211
27601
32630
31235
31755
27599
33453
29323
27612
35175
27476
30338
38880
28931
35203
28187
35737
29599
35862
28527
27582
26718
33944
27084
27531
34868
32214
28277
33669
29537
33648
27988
32231
33646
32304
31365
27424
32935
33224
30190
31378
32335
27755
35823
27961
27868
41559
27512
26739
32912
32717
32517
28634
27646
28106
28360
27783
32372
29322
31574
34063
30606
31395
27250
28365
31264
37216
33723
29250
30110
35219
29289
31816
30244
32487
28681
29556
35224
28885
30575
32007
34764
29117
39900
29289
27249
31615
32662
27588
33421
33345
29594
30046
29123
33971
27777
34779
26433
32550
29314
27786
32082
29781
27305
27759
29123
35796
31755
35579
26145
32596
31673
32389
31334
36071
30234
33129
28565
30152
29020
34390
26927
27417
29539
29389
32148
30802
30960
27694
32942
30416
33265
31189
30794
33808
33253
34263
27489
30775
27587
32594
30883
32201
27589
27869
27118
28007
33277
29333
27841
33936
28660
27384
28771
29491
36135
35392
29319
28008
27722
32162
31209
34980
28512
28093
27835
32016
32948
34422
30443
32100
27245
26615
27895
27474
25766
26304
27147
34313
25885
29475
31275
32335
31872
33603
27106
33574
27892
28500
27711
29177
27612
28036
26644
34442
27524
31931
32298
34244
28550
28480
28897
30919
26097
27652
26650
28055
26222
27115
34389
32490
32246
27015
27921
29514
32667
34683
33258
37170
31888
34186
34899
31682
31035
30431
35696
35013
27493
29642
29334
31496
32630
34398
35988
30069
34695
27873
29364
34050
28234
34465
31137
30601
30523
26375
31425
29241
31013
27550
40071
34301
33294
32083
28314
36694
27222
28260
28683
34544
34298
27265
34963
30615
35034
28780
27392
32358
29882
30245
33580
33773
28504
30827
28461
34343
31108
30468
33111
29881
31119
30848
27745
29658
31472
28586
30935
28234
31566
30731
30646
29897
27300
31697
26550
39528
28611
27831
28018
33381
33578
28688
29724
36155
27214
33222
33182
29494
28881
30633
29692
34990
27680
27589
35154
32602
34911
28411
30289
33639
27122
31621
31186
33414
28368
27566
34595
28471
30426
29401
34807
36295
33623
26644
28510
35027
30884
29768
33887
29530
31312
33806
35115
33671
28041
36834
28355
31832
31448
28919
36782
35496
32396
30288
34168
31374
30497
33868
27826
30778
27658
26992
29894
31011
27957
26884
27485
34811
31920
36008
30942
31333
27958
26948
26854
34143
35078
28081
30604
24068
24443
35684
31569
34610
28831
30923
27777
30578
43467
27210
27680
34355
35520
32435
34205
34088
28165
34786
26679
35986
26222
25856
30127
31100
30021
26500
26024
34125
27702
24493
28153
31817
30537
31234
28120
33095
31970
30815
30644
30669
27900
31078
35517
36638
30030
27717
27858
27077
31840
27476
29134
35682
26592
34227
32347
55146
29087
30858
26293
30505
29341
30367
33082
28979
38161
31362
31534
31956
30936
33565
34522
33767
26886
26508
27949
66594
31115
36725
30667
32014
32010
32176
31481
34590
27531
27126
33361
30359
27505
27438
26943
30582
35283
31568
31838
32084
27918
35121
26241
28988
27532
28108
31927
33744
27002
27452
27498
34023
27703
25909
46108
66381
43674
35784
36458
30618
32664
35781
28172
34359
27328
29735
32895
30788
31079
31634
29285
35329
30495
31121
31817
34388
35238
26864
27922
32847
30788
28506
33755
33707
28063
29038
29451
34193
29885
27913
31359
31555
33112
28154
27461
34062
26007
27731
32290
32048
32428
35174
31157
41610
33706
28860
28245
28540
31932
28543
35243
38894
32415
27263
29377
29056
28533
34040
32181
36631
32386
35610
30187
30389
27527
27477
27461
29891
30325
30648
30246
29850
30529
34025
27852
31140
27592
25886
31996
31495
31094
35020
31505
35254
30661
33937
27796
35589
34228
32099
28801
29601
29959
26926
29534
32200
32790
28321
34115
33457
30834
34957
29114
29787
35563
27711
27364
31827
34163
29261
28819
32474
28679
30420
28123
33084
30402
27864
32105
30697
34283
34975
30316
34094
29971
30678
31235
30499
30706
30296
31993
34669
31804
27377
30500
29757
31964
27393
27111
34739
31838
31320
32579
32203
27917
34055
27168
35130
27548
30160
31899
33662
30767
27591
28529
29198
32361
27620
32457
30529
25915
28006
27846
31049
29860
32395
30419
29640
35340
28124
34003
34366
30496
32285
32576
33502
34843
34004
31615
34030
39576
30472
31442
29390
33475
30036
36944
30121
33977
26987
27510
27286
31420
35085
30187
35508
34362
35125
27127
60195
33466
26528
29444
30599
32470
27718
28375
32752
32298
36927
32995
35877
28506
32194
27965
29515
31474
28197
27279
35708
32959
27876
28451
28004
34875
32088
31778
35239
31488
29214
31388
38403
27840
27664
25886
28988
28800
32677
30094
32193
32950
27400
28130
28266
33758
35583
35831
30727
27935
26351
33658
37341
35036
29364
30273
35297
27425
35242
32203
33159
33092
32701
29368
32667
30239
26375
27265
26811
27457
30778
31439
29709
35078
26205
27949
30915
29016
29036
37485
28980
34530
31062
26619
26659
29761
31644
35948
30937
27126
28147
26098
30774
30639
30708
26611
30532
31258
30082
33847
33435
28217
33537
38936
36492
31362
30951
32211
28337
33502
31386
28586
35082
26303
34379
27635
27897
31554
34475
27843
27162
34882
25666
30243
35409
32697
28661
28320
34071
29288
30438
28353
31326
30022
32905
30993
29701
27856
27994
27908
35389
29992
32335
29539
33461
33401
25964
32013
32360
31271
26525
28515
31563
35032
28600
27191
32018
34521
30185
29063
36332
30997
31777
31486
28848
29590
31360
35855
31498
30119
30993
32847
26250
33101
28126
28003
35162
27239
26964
28104
28050
31197
28525
36805
30157
34704
27953
27867
36480
27399
33455
28536
32834
33424
27444
25863
30130
30833
31038
26090
31150
26414
27136
26348
28695
27822
28897
27015
28682
28366
27618
27046
30006
29622
30361
30517
35448
28062
27735
31478
35199
35759
27693
26721
31957
27160
26897
27088
35908
31837
37528
30451
33064
35452
33755
29856
37278
32160
35820
31885
36423
26929
25745
29089
30433
34078
29904
31597
28989
31695
30507
31093
30072
32047
31768
32062
33062
75557
26455
36531
32651
33844
35189
26816
33004
30716
34551
28542
36460
33000
31532
32017
36088
28239
28119
27835
29105
31448
28073
30446
34729
27997
29619
29944
31888
27828
27155
34028
31036
29936
26904
29940
35817
30242
32199
27620
32333
31128
31452
36801
30355
27232
28744
31832
30389
27336
32653
30423
33523
33011
27733
30523
33223
28003
27645
29998
34689
32119
28386
30558
34428
28424
30973
29961
31791
28618
26817
31199
35596
30128
28640
27979
34128
31627
30133
30096
30124
26318
25682
31652
30897
32382
27574
30921
33821
28873
29598
26200
30360
30056
31253
28138
29846
36456
32805
32835
32946
29225
29253
28678
28547
27569
29568
27580
29391
35714
35115
30451
28925
37024
33759
26690
29810
35598
39358
32938
34699
30800
30175
33656
28372
27874
28263
32508
29745
34640
29503
32576
36158
31083
30383
34045
30148
32685
27828
35173
29225
34466
32371
32005
31199
27233
30488
30818
29203
28087
29826
33709
34286
30910
31077
28256
32962
27365
31966
33568
35718
28199
30498
32795
34650
35586
27882
28528
33965
32898
28321
29624
48093
35707
34416
30963
34176
32919
28440
34271
45178
98405
42870
46613
68304
45428
41780
42176
55579
50613
48004
39950
39797
30282
27983
28622
30126
31774
31844
30967
31042
34054
29519
33127
29146
26637
27402
32694
29919
33633
32104
30979
31064
31527
34569
27289
28627
30636
29310
27492
29894
33346
30577
29009
29810
30687
30653
35310
32929
32130
30767
32650
64212
35483
30753
35628
32222
28938
28252
27290
29825
30874
28730
27348
31764
27903
29540
36451
34304
33232
28976
25989
35160
30546
27925
32348
29674
29398
27265
36113
31433
27392
27141
27123
27667
30889
31294
30992
35701
31211
33433
26056
26379
33422
27686
27997
32818
33612
27478
26951
29046
30711
34517
26225
27147
32254
29135
26861
31732
30040
28360
26519
32537
27492
29718
31425
30201
27742
31160
27123
27789
28075
26589
27713
31091
34786
27033
27621
28059
32000
33693
33761
34954
28236
27683
27626
34639
32900
30640
27972
27156
32790
33893
27716
31177
37386
33558
31623
29793
34227
29795
27878
32617
35199
28087
29980
29297
31678
27904
36259
31475
31229
35163
25817
33543
27329
28977
25956
31984
27512
27668
27925
31590
31090
33698
26160
36772
35569
27737
27703
29555
31551
27912
31559
33688
28494
33480
26742
32588
31938
28583
35745
31888
27496
26145
27515
30280
32823
34955
27502
31756
28220
27254
27823
26334
28037
27700
31689
36313
27678
35608
30289
34453
28138
28001
31061
29621
31811
31466
33540
31838
31975
28469
27720
33372
30489
38002
28061
31621
34558
71614
44463
29779
33263
32070
29052
32800
27695
36411
28739
34151
29535
31970
27990
31818
30734
30683
32763
31928
29397
32953
26937
30444
35175
30806
31817
32407
35168
33818
31627
29267
28726
28547
24939
29792
28201
33188
27872
32674
33801
33609
28510
32036
27570
34553
28240
30177
28047
30128
30983
29948
32919
40758
39235
33995
34149
32150
34213
35125
32126
34418
27766
29214
34241
33337
35332
31367
35162
32430
26216
29488
31738
32461
28013
30848
27123
31660
27759
29150
31465
26739
26105
32666
30711
36851
27088
31296
30389
28948
30574
29556
27602
32409
30668
30179
30076
31617
27544
37914
26450
32972
27571
31923
33478
32304
31462
29078
35524
29615
26083
31905
30601
34819
27984
29875
32879
31067
28383
33555
31800
31246
34950
35075
30754
35609
33072
38128
30879
28951
26732
32773
31038
27609
28662
28998
31498
26864
26613
32684
27421
28962
33657
27439
33665
32930
28543
28922
31359
31780
32383
36409
28399
30189
30773
28915
28272
31443
34261
29829
30471
31037
34444
28788
31696
63414
31173
31624
29402
29023
25995
32354
31777
32798
35410
32508
29079
31174
30143
30144
36376
39278
27477
27536
30172
26103
34009
30388
60882
33428
27260
33824
29118
34307
32762
32205
29150
33574
37103
29887
29465
33234
31381
29885
31823
32898
31324
35794
28193
27510
34214
32908
37664
30888
28688
29279
31025
31685
31523
27696
27178
29907
43707
34120
35496
26309
35048
31932
26792
30866
26819
30261
34024
34223
26233
30325
29554
27769
31172
33275
32273
27405
30456
31436
28025
35544
29496
36095
34902
27304
27659
29288
36438
32334
30369
31156
29691
30640
27246
30869
31439
39180
31781
29764
27995
27817
32517
30165
27152
30382
28746
32700
28175
28696
29153
34729
25935
36527
28509
27461
30285
27482
28055
32278
27227
32887
25735
28997
28006
27345
31291
35436
28714
28168
31776
35486
31501
31196
32817
29048
28016
28454
25629
27492
32527
32131
28031
27139
27225
33188
33102
32704
30606
25609
27058
29059
35787
33023
33467
30036
32004
29018
27884
31650
30104
35092
27263
27142
31266
35969
32482
34275
254509
37554
32195
30625
31052
27813
28992
26603
26933
31837
34137
34187
33866
28432
25912
27038
29039
30365
30096
25896
30829
27958
32519
35670
27964
37362
30440
28841
29625
29817
28817
27912
32363
31564
31801
31712
29909
30694
28989
27561
26586
32073
29842
27833
33241
28194
28353
27393
27482
30316
27720
27704
34325
29283
27412
32761
29766
33667
35554
28093
28043
26886
26585
27814
26320
34935
28521
27089
36313
26405
25533
27126
29082
36855
34434
27113
29513
30287
27662
27671
26776
30849
33568
30618
34905
32131
31812
29424
32229
38536
35438
29707
30604
28223
27612
26428
30478
27749
27914
25719
29817
29578
27808
34677
31049
36617
31599
27697
35006
27336
26813
27361
27139
36670
32571
31288
32748
27867
28255
26246
30730
35480
29126
31954
35708
30356
26080
32535
29084
30823
26907
27615
32932
32889
34734
29582
28565
31756
27042
27627
29404
28859
30029
40832
36226
30383
28648
31193
35083
26630
26726
30324
35718
29149
25271
31462
34424
34710
34158
29761
36609
35506
35614
31308
29864
28366
29302
33549
32221
32694
31019
31927
34568
27767
28782
30894
37998
33231
27875
34742
36158
28169
27903
26379
40579
37834
27952
27997
27963
29039
31054
33640
31661
32266
26249
26077
33793
28249
32536
26321
29486
33494
29044
26867
31530
27915
26354
27549
32986
35998
34847
28644
28513
29092
27894
26766
34113
31324
27892
34818
28817
32037
26977
27356
33751
37003
31371
30911
31675
27384
26016
28297
31385
31292
26326
28091
29545
32769
35007
25475
30160
30859
29558
27824
30560
31922
26576
27252
27366
36838
30574
26650
36271
29502
30534
28129
33241
32994
27017
27455
28719
37108
28153
35963
31010
30366
26663
26839
28319
29228
26951
25157
28704
33471
26600
25634
33581
28537
26832
26755
26954
28056
27438
33181
29689
32356
31448
31823
30475
33427
31752
28610
34609
27849
35346
29154
32570
32239
28460
31456
49841
53570
52303
37372
41493
43525
40785
40864
51986
44755
46802
56064
56363
50134
62344
44779
42610
55675
40323
45980
54001
62951
51121
48943
44946
58035
54746
48377
55311
49795
51655
61311
51539
51358
52414
60836
41184
58431
57638
56778
61827
47940
48039
48878
45072
49656
47683
54227
49773
43710
44430
47166
50523
53263
56457
46306
51424
48652
49826
51849
46080
56264
57916
49585
38402
44593
63488
39178
57175
47534
35276
56656
56278
41514
45552
44687
54366
56639
58707
40379
48712
55810
51186
55261
53482
63957
61236
52446
55019
77894
41448
51585
56959
49237
49013
49913
52704
46519
42381
45999
52574
48475
52837
53222
51287
48360
65582
42728
45081
49117
56271
53670
53858
47492
53739
45189
60363
59744
56911
39530
49701
57432
44380
48728
54399
51504
58512
43642
51198
55234
51799
43258
51171
58044
47115
39142
49227
54102
49173
38306
56887
48818
48256
52328
66462
51680
46573
45174
54212
49445
49288
51223
45448
49424
48877
50019
52664
55012
50109
47422
41255
42577
54338
44708
41859
38853
39867
55014
54891
61505
43430
42301
49362
47633
83186
44950
59603
63587
44941
48154
41024
39302
52780
43523
53355
37966
40755
37866
34707
61122
41190
33478
36673
36403
24755
32550
30359
37559
25658
39352
33051
35764
34931
26350
28789
37871
39863
32425
35174
31166
26702
30737
28428
29467
28572
29114
36315
33758
32612
27755
35750
39612
28802
27493
34858
27687
28094
30599
38352
33417
26834
27192
31272
31991
28522
26625
34090
39380
33471
28924
36263
27238
35368
29535
31278
29413
29537
26760
35095
28233
32829
31338
30061
32207
26851
27728
30846
27114
32954
31148
29482
32685
29964
30114
30550
31254
26118
35222
29760
41511
28760
35455
29680
29684
28316
27519
31900
30292
27284
26992
30838
30282
33948
30320
31253
32725
27505
30720
30459
31778
30560
28552
33086
31288
35557
32703
30576
32229
33241
30078
35605
30824
32775
35819
30934
27618
31139
30856
31729
31777
27831
29400
34501
27634
33302
29527
29782
30803
28707
31922
29810
30237
26895
33608
28742
61787
30904
35002
36206
27208
27847
29149
26076
37071
33098
27852
34176
27384
26089
26019
27932
31672
31454
28066
30154
27468
27818
27584
28399
33224
32953
25412
32391
28035
27630
26933
30271
30348
28303
27487
44976
32255
31626
26665
28133
32920
31805
32058
33569
26495
31936
31131
31454
30740
27102
29289
32536
30695
32361
32158
29029
29800
35253
31044
30525
29790
28319
35863
32287
28812
27140
25682
35455
27635
32702
30142
38948
34478
27611
28158
35283
28977
27473
32355
37739
33184
28773
29557
32373
34648
31892
36210
34111
32912
31372
28730
34733
33456
29806
35925
30746
35481
33407
38188
35218
30962
33232
28987
36300
38061
29489
29516
31681
29226
27648
27240
33533
30062
37002
32605
34828
31813
31312
28915
31301
31986
32659
30860
36113
25910
27074
27379
32333
30940
26859
27986
34289
28314
28043
28407
29318
37813
36186
31377
36341
32216
30490
31014
29436
36283
26966
33500
29979
32582
27101
27756
30918
37787
28267
28663
32994
27620
36284
34122
30323
33222
27884
29009
30066
30505
26891
27312
31759
31494
28012
27633
34047
29043
34916
31104
38630
39493
32497
26037
32854
27762
26581
28725
31625
33564
26882
26056
33842
25925
34793
32592
31543
34841
26991
28418
29669
34010
30481
32078
27239
32175
27763
27955
33798
37711
30133
28519
31512
39448
33103
30726
36265
32694
34729
29309
33390
28645
25674
29341
29250
32764
28227
29197
28220
30277
29125
29879
33762
27410
25870
27205
30518
32206
30010
27750
33605
26866
36308
31715
29577
30122
27643
27733
30607
32232
30499
27977
29980
30950
26768
34459
34279
32142
32190
31841
33056
33963
27074
27346
35476
28190
33946
28505
27550
31107
27668
36281
36400
27595
29980
33186
32826
36686
31288
31339
29898
36698
26999
28324
28575
30312
27365
30446
30822
35809
32633
28082
31988
30870
33894
27793
35899
26770
29581
28680
29182
31736
35684
29765
33803
29693
30059
31659
30212
29571
34141
31115
29796
29071
32380
25832
30256
35687
27271
31699
32449
31140
33170
35155
28226
30998
30992
38623
34177
33508
34238
27516
29990
32403
28309
32818
31525
27454
27408
28529
32760
32562
29400
32100
34918
27716
27988
31301
37103
28818
31627
38753
32752
32886
29465
35630
31186
27206
29317
31713
28601
28390
32099
27406
32364
26192
33495
27684
36123
34686
26730
28941
32555
26990
28361
28330
28547
25285
28069
29679
28653
30312
28914
30887
31213
30611
27457
28825
31970
27945
31047
36726
30245
33304
32568
32613
31514
35345
29122
31248
29642
33430
26667
31353
33498
30451
35053
36164
32232
31382
28665
26297
32411
34487
28284
35845
33792
26918
29076
27784
31819
27446
30364
50426
33610
29655
29858
26514
32166
29010
28210
29990
30519
26859
31247
30164
32670
30005
28609
30934
29603
37348
35088
27194
29457
31669
30429
29579
27265
29941
27327
34131
30708
28220
29413
28050
30085
27465
29751
26956
27451
28190
32881
34128
29755
31918
38199
37860
31691
35348
29651
28084
32998
31896
28770
33540
35596
28389
33348
32155
29673
28105
27568
26519
26196
31271
35279
39298
34316
27635
28671
28852
27445
25640
33812
31833
27122
31034
29489
34951
32687
28258
33123
31056
29863
31956
40798
35726
26788
29327
28842
34431
29788
29206
26971
27111
30887
29373
30737
36222
31716
30873
35312
28437
27243
25600
27963
31750
27436
31870
26416
27207
28205
28338
29253
32100
29481
27621
30711
31937
29870
27321
33491
32744
29121
28385
25850
25577
30412
32034
29941
31355
32545
31428
30467
29116
32123
31397
34992
28569
35597
28584
31888
30313
31917
35270
32964
36778
30185
35339
31915
30077
32743
28762
30799
31503
33051
33155
29948
28783
32292
31300
30134
29547
32802
27763
26145
27201
26677
25982
27845
30777
31528
27889
28610
26183
31321
32864
27600
31744
38588
37371
31422
31866
36333
32820
28134
33101
32211
32241
32302
28948
29705
28508
27197
38870
30215
27989
26670
27679
32273
33651
34396
30799
32959
31642
34726
31416
35155
27967
35556
31800
32859
32748
30525
71263
31812
32357
28155
29840
37431
31671
33275
27745
30270
30508
33791
35556
34836
74811
28515
31457
32238
32582
30958
31223
28947
35151
27648
28193
30363
33329
34327
31863
30374
27398
26949
28592
32547
27464
28399
31333
34608
26654
30780
31686
26307
31638
33243
31833
30210
32879
29511
31006
31308
34801
32168
33176
28957
26976
34838
29567
32128
33663
32837
33332
28516
31697
31545
35237
31696
33129
29389
30614
34021
28820
38773
32272
26080
32033
42159
35805
35635
32150
29403
32813
38904
33812
34641
33237
31763
26894
34488
30550
33530
28186
33647
43259
36209
30254
32786
27075
28888
32723
32255
39705
33064
28748
27635
27622
31173
31878
30713
31475
33151
27218
30802
27893
28795
25793
32111
35607
30042
32026
31925
30653
33486
27913
31854
33127
32652
27008
25611
25825
27540
27061
31819
36089
32066
29732
34099
27520
36388
26506
29195
30262
29144
32953
31804
28067
34421
24075
30110
30189
35731
26872
27551
27811
30390
34899
32064
35397
32158
27453
27654
30679
37034
28838
28328
28192
29799
27519
27605
34243
28952
33142
29060
34781
31274
31790
35230
26950
29792
27736
33405
29663
31917
35192
35100
26764
30941
27189
28459
28350
30241
28061
29128
26827
28809
28386
25985
31918
30208
32777
29241
32432
30516
28125
29249
30719
27486
39899
41532
40889
36118
30935
35084
33281
39607
33858
34765
32660
35550
28578
27691
28140
67051
38159
29724
35010
30545
28250
32242
29667
31014
28275
26491
28073
28905
33821
28054
31154
30753
32492
33973
32477
35949
31861
26976
27596
31408
31652
37556
34093
34886
29628
33376
32547
30969
32847
30523
36798
33069
26965
31202
30342
29623
34501
30916
30974
35792
31203
28815
31580
30345
27484
26053
32851
34096
35017
28134
28505
28595
33259
28458
26219
30056
28252
27648
29063
28214
34427
26356
28558
34656
29013
27129
30419
34279
35609
27685
26905
30418
27670
26800
29341
31352
32012
35191
29413
30905
27295
33754
28487
29688
26792
36284
27642
29452
31462
27521
34918
34978
25378
27214
31159
32983
27697
27849
28241
27530
31992
32441
27385
29896
31235
30132
33963
31715
31192
30642
25953
28231
28348
30923
28682
31955
31697
30840
29245
32635
27590
27451
32913
36415
31537
28230
33175
31852
35393
28344
29027
30821
27154
25523
31138
38601
29300
29310
28083
42197
34531
31044
34885
29911
29340
27526
28007
34009
33023
27060
27458
27969
28002
27929
28357
28871
31343
27462
25607
36495
26560
29115
29924
27490
33909
28050
31949
29769
33186
32708
34288
32853
26892
31937
32894
31865
27788
26661
30551
30679
30922
29361
30773
31956
30946
28893
33557
30653
29973
27717
29527
30265
35408
29864
35659
31842
29893
48039
44976
37608
33924
31325
28142
36296
26988
25826
28440
29836
36281
28074
26849
34099
28309
34520
29997
29750
30751
33087
34364
35125
33831
34639
29732
32928
32230
28556
28624
34013
33558
35953
34111
29243
31730
27957
31948
32697
28554
24999
28527
26662
27757
33051
31075
33449
33122
36197
31158
29803
31410
34681
34585
35519
28826
27532
27939
31660
27134
30809
28512
32686
34231
28278
35187
36772
33939
28253
27894
29183
28149
34798
33071
31794
32623
27944
32986
34238
35165
29793
30679
34559
27896
31785
33812
34357
28457
27541
28008
31371
41088
38238
32652
31883
32498
47562
30339
36082
35119
34595
28130
30197
38549
33657
30487
29452
33573
28597
26731
28746
32115
26842
33802
34787
27531
26396
31614
30629
35217
30758
28941
30070
28492
26380
29913
32708
30602
34653
28938
32868
31922
27757
27827
29846
31757
31321
30835
31507
32304
27189
25303
32662
28908
26206
31669
34341
28125
35254
28544
34185
29273
27485
31551
35634
28802
27036
25808
35333
26124
34052
30939
35751
28333
26585
28335
32525
35124
28028
34105
29073
31735
36090
30780
36405
31825
32824
31823
27112
30084
30689
27873
33319
28067
28517
29033
32134
27904
26326
25283
29581
36266
30408
31554
35506
26472
32429
27476
29688
29699
27519
33184
28753
35257
26212
30160
33040
35766
30974
28098
32606
27471
28018
26791
28224
27937
27619
34282
31804
31402
31865
30886
33766
28302
36209
33191
32040
32325
30943
32251
33707
31399
30058
31444
29421
27304
27530
31834
34349
27652
26553
34071
32806
27850
36817
30745
30884
33427
28393
30977
34544
30169
32921
30723
31501
30841
28310
34079
32004
28883
27682
33327
29950
32006
28143
29737
29663
30131
34118
31520
30802
29742
28986
27807
33770
31455
34420
33003
30388
243197
32969
32702
30883
27663
27748
33101
31055
29286
27200
34284
29609
31417
27456
27772
29520
31780
27795
36044
29082
29710
28295
27228
28523
26885
27881
30203
30645
31003
29665
34319
30920
29730
35558
34578
30942
30362
33739
26036
32109
32371
28466
29946
29088
36295
27191
28395
33706
31395
27818
33800
27121
27100
27486
29417
28829
33636
28085
29406
29739
31742
35360
26840
28244
26452
29740
29532
31353
30350
33799
27140
27150
32787
35723
31734
32286
29453
28865
26792
27814
28207
26363
34725
27353
26056
27038
27537
32331
31407
29410
30822
28401
28110
31191
32339
31743
29788
31249
30732
29833
31056
28774
31095
29954
30969
28104
33816
32311
30538
30241
28902
34343
29852
29812
29700
31367
32562
27868
28431
28593
30500
27584
27778
27409
26957
28956
28721
30265
29740
32445
30122
26615
30667
27719
28509
28674
26927
30877
28771
29745
30926
31045
27405
34748
31437
33858
28614
26129
27613
30296
31481
35768
32724
33230
34500
30704
30798
33108
26414
30051
29025
33857
33967
28613
29068
35654
27444
29488
37872
30560
31770
33258
31879
29548
27965
31391
28446
34067
28340
30074
35887
29480
33577
31541
30325
27252
33782
30897
30138
28633
27616
28070
32625
31349
33172
28193
32513
31752
31724
34869
29627
32514
27772
27534
29343
32456
27794
35148
27149
25806
28252
26273
35601
25399
25176
29315
31939
33820
33712
26906
31224
32436
31111
32851
32761
31794
30742
30849
29442
37507
32191
29314
29490
32432
30321
30525
34278
34292
28079
28661
33573
32344
28368
30568
29275
27944
31361
30219
32679
27706
29406
27784
29685
34457
27643
35689
31786
32078
31151
28197
30310
27323
26209
28053
33766
33997
33783
33998
30682
31999
32964
30440
30732
28138
28255
27924
32229
28359
29086
27934
28838
30395
30421
28144
53237
30140
29226
29670
35582
28933
28762
31795
33057
26396
26654
32957
34660
30304
30699
31361
34945
28883
26940
29099
27652
34691
34361
32019
32048
36305
28608
33884
29517
25400
34683
27765
35539
26989
26608
34573
31004
26116
27477
28461
31257
33956
29661
29703
28396
27749
29852
28926
28323
28259
27807
30937
37610
31352
30192
31219
33208
27957
27923
33030
32638
26303
27666
31713
30580
28285
29882
29723
28830
29478
34252
29309
27328
32803
27681
29796
28618
31754
33950
27923
34099
28302
35752
26989
30800
31345
31138
26536
27579
27359
27649
33191
32589
36001
34173
27381
29696
27501
34747
29412
34795
30437
31301
35317
31032
30817
31408
34460
33434
27747
26505
27195
26780
29842
26624
27591
33134
34889
27101
26961
30501
27608
34293
28211
29422
37108
34248
36838
35658
28142
28440
27375
32548
28549
27662
28817
33525
33833
33533
27303
33806
29412
32864
32805
31137
28189
31910
30753
32588
32724
34847
27829
28812
29544
25959
33671
32922
30299
30882
30185
31422
30901
34856
27553
30262
33395
32582
26910
26438
29288
26036
26294
36354
26003
31017
31999
31104
30636
27715
35108
34143
29955
26821
24835
31762
31329
34972
26038
36038
33151
28077
27192
33067
32944
27309
28018
29076
30292
26082
28290
32176
33132
27788
26383
28722
27950
29470
25804
32475
30555
28785
33916
32373
31016
31185
28496
32372
27781
25790
26020
30365
33538
32545
33976
29217
34205
26919
27525
32725
28493
27717
26833
36160
28589
31137
28166
30480
33818
35859
31134
31526
32924
27408
29993
30589
34034
34225
28557
33165
36426
34870
33611
30720
27707
28908
26860
30290
27836
29102
27836
29312
36359
29581
27625
33163
26139
27673
32997
34695
29778
34511
31023
36005
30721
32393
33750
29612
31789
30283
28793
32819
28475
27620
28429
31610
32316
31025
30848
32138
35547
27882
31048
32801
29861
34020
29106
32516
35612
30737
30045
31595
30272
27901
28278
29099
28892
25777
34964
31496
31584
27806
27069
27731
27455
34081
27776
32664
35039
30568
31690
31854
27758
28970
29513
26715
28268
37031
27448
30639
25811
27014
31491
36321
30863
36107
25952
30695
27714
27641
33269
32719
29328
32627
33153
32231
29083
27714
29833
34745
27407
26520
31756
30445
31476
26731
35024
29401
31751
27969
29879
34938
29035
32160
33438
26730
30519
28089
27971
32891
36616
30709
29765
30588
28177
30883
27230
30717
28039
27834
29571
33798
32034
30591
27774
28639
30478
32102
29935
29007
35424
29542
26872
27411
30468
29728
29557
27101
30717
29245
32740
29552
31374
34563
30991
32631
26944
29800
27330
34018
27567
27696
27601
31950
27510
33214
27732
31159
27919
31773
30889
27171
29747
34485
28572
29586
31803
35123
26855
33590
30537
29219
33752
30961
35369
28355
34098
32003
27458
27909
27049
29957
31814
30493
28138
26965
30819
36771
30889
31991
31176
32350
30331
35275
28462
34525
27711
27571
26109
33975
30716
28629
31253
31236
31490
29480
35017
28136
27958
30472
27356
29216
26266
29724
26184
26019
31353
31271
27890
27590
29101
26007
31478
32256
34179
33183
28365
27526
30595
36040
35109
30283
30042
28213
27729
35584
30535
36432
26160
26460
33694
32125
28118
28154
30106
26845
32607
31126
28816
29040
31383
27332
27855
30849
25825
25867
27746
31657
38613
30389
27700
31559
31685
32007
27841
29060
32797
28705
29240
28418
36518
31965
27323
33091
29254
30863
31779
33228
28461
27581
34498
31218
29935
27206
26902
25993
26376
27508
27690
30139
31895
30761
27315
32832
30251
31618
35729
32917
35213
28739
27693
30471
30730
29671
31530
31532
27433
33137
29633
35248
35129
26262
28113
29247
35426
34475
29032
34205
28627
27305
29568
32629
32146
34369
32444
28405
28124
26442
29814
29247
30915
31747
28848
33470
26180
28527
28271
30853
27458
28979
30347
34580
28592
27457
33724
28499
26460
27958
26673
35280
26630
27658
29012
33607
34146
31209
34816
30957
34740
28239
29802
29659
27733
29041
29822
30207
35396
31676
33407
34857
30457
29843
28280
36302
27509
27679
39346
30783
35095
32888
25524
26907
29887
33232
32106
32801
29293
28401
28298
29532
30271
31644
34799
32230
35463
32676
27951
28813
32644
27881
28142
29846
28915
31003
30980
30398
26361
34477
30970
30048
32319
33066
32254
29581
31890
33386
29917
33632
28017
34798
27809
30047
27747
25843
31168
31778
31029
28340
35334
29287
30258
27766
28464
32625
30957
32522
28153
35522
27031
27580
28163
32915
31959
35282
36945
36256
30022
32376
35043
30065
27680
31223
27992
29098
31730
29029
36081
32971
28982
32930
27365
29579
26940
30792
28162
31304
25822
25697
27637
28929
30039
29804
33766
29554
26942
29606
30799
37795
25771
27129
32276
30646
33293
32921
27001
36848
35685
31241
30543
31487
31123
30514
27467
32911
29870
28339
29773
32559
27532
33300
34424
31973
27695
33294
32406
36614
27864
33010
30631
35223
31639
26942
35148
26076
26838
28130
28357
33814
27874
27129
29716
35798
28125
29958
26531
27542
31995
32206
33273
32498
25686
26952
24820
29168
32988
30284
30267
32254
27281
30781
28681
28457
36364
33122
29686
29237
29488
27956
36149
28706
32593
27013
27148
33073
28863
35490
31456
32090
30392
28031
35171
32956
27888
28307
27359
29854
28523
35454
30416
32297
28195
34421
31531
30121
29571
27701
32282
29483
28706
28005
27571
27278
33087
34564
30005
32485
34327
27803
25538
31214
31382
33447
33332
31488
27754
30094
30091
30510
28648
31969
35453
29443
32798
29158
30811
31560
27756
27419
29291
31660
28066
32900
29609
28402
29803
27582
30973
28918
33809
29726
27706
35559
27693
33576
33025
31129
33196
27476
26949
29420
31129
27024
28567
32606
35528
29302
30555
34407
27544
27158
34789
31095
27597
33137
27737
31705
30065
31083
28477
26972
31319
28753
32618
35189
36289
30643
33596
31722
29229
29786
26335
30908
26122
26981
33717
29596
31508
29741
29418
39505
32313
32367
34349
35749
27279
29250
27922
30680
28212
29058
31163
32923
31029
29778
27107
35136
27857
28515
35591
45097
38165
36212
34549
32126
29135
35728
38399
31406
28472
45053
32714
29628
32143
28233
34946
35548
31165
28878
26403
29295
34711
28340
32384
37727
32151
28560
26678
50411
32519
26839
26498
29509
27792
27999
35194
32849
29403
31992
33015
30597
36543
30010
32240
29918
32612
30304
32063
30589
27821
30427
27323
35039
27867
28071
27975
29284
34273
28917
27123
33642
26314
27902
33285
35444
26978
26348
27562
27245
26991
30568
34059
28935
29243
28271
27534
32608
27594
27447
32378
31897
34409
28367
27957
29891
26209
27440
28159
30446
31833
31599
28236
31013
27607
27930
28118
32226
28337
26783
32599
31492
28218
27672
34759
28403
27546
33919
28752
32251
28733
27642
30728
29892
32308
28656
31991
32448
34528
29151
28945
27439
27305
28333
28015
31744
31857
30468
28652
32451
30578
28182
31372
39571
28271
27129
29826
31307
29845
27745
30725
33107
32903
31225
29064
30283
31151
30939
30400
34685
30259
34151
31375
32202
29237
33451
31401
28086
29179
31449
31324
32067
30696
27732
28224
27199
27318
25594
85993
38123
36429
31507
31893
34960
34579
28981
31847
29045
30278
28428
31314
34377
28773
34168
27770
30358
29229
31490
35377
30551
28057
35784
29049
35351
28021
27197
31730
32614
34306
29837
39334
30080
35491
27838
33998
30548
29253
33173
30648
30705
36681
28192
31378
29181
32161
35675
26375
29491
31581
31385
35540
29167
32334
33026
29606
33580
30463
26512
33301
30673
27790
28721
27731
26725
31241
35704
30626
29669
29477
28712
33344
32357
31254
28571
30209
26283
30482
29174
26700
32659
26873
26721
30547
46675
36380
29950
28649
32237
33306
27463
36787
33142
35411
32384
32229
30255
34453
30960
32307
29128
28105
29465
25590
32443
28043
36399
35656
32925
34288
27464
27965
48620
32303
32706
36028
31459
26929
30418
31796
31566
32187
27962
33010
29373
35563
33674
27210
31245
26485
33797
36687
32898
29186
35629
31389
29449
33240
28627
65170
30919
31866
33862
34714
29285
38495
30605
33303
32419
27837
35076
30918
33673
28107
32656
31255
29166
35292
28982
27800
29432
32373
33228
26469
27241
32885
27481
29212
27890
26031
31338
31040
35539
28456
29473
25961
27359
27692
27221
27546
39994
28221
31284
34107
26536
30748
35306
28588
36639
28026
30011
32307
32715
27951
27116
32363
33392
29041
26191
27208
30744
27803
27366
29185
34855
27808
27400
26321
30688
27367
33535
29436
28949
30150
27511
34303
36759
29072
32992
31612
39272
28522
28543
28017
34408
31995
26936
33690
33859
33613
33835
28823
34861
30034
27875
32097
34051
27534
33550
27452
31133
30080
32201
27020
36141
31167
32945
30380
29681
28352
26592
27800
29650
34084
29560
32745
29918
31737
27037
26258
61966
29998
25850
27406
28944
29460
26874
26133
34695
27137
28194
27139
26857
26944
26944
27569
34100
30734
27604
35495
37345
31704
31123
32794
40493
29608
30917
31621
33077
29135
25845
25751
29244
28056
26871
61257
29593
29419
27665
26457
39314
34557
30091
28634
31615
35494
28238
28040
27211
27866
27123
32392
28630
26929
25951
27757
33784
30474
24037
27305
26405
29341
26142
27037
31663
27964
36762
27916
32710
27660
29377
33377
30495
28552
26633
27069
29836
31171
30529
35127
37468
29031
27477
30112
32169
30550
27835
28148
36956
28473
27865
35370
34641
31685
34057
30564
30998
33930
27030
25974
30830
29368
27975
28016
36470
29868
27626
30279
31459
32759
27566
27756
35073
28159
27314
25113
27902
27240
25391
27742
27408
27518
33635
27945
35669
28125
27247
26068
26864
34033
31376
28726
29756
37231
28667
33094
35310
35093
31453
25660
27069
27259
26256
32270
37246
36069
32164
31188
30612
31090
30333
33771
34231
36153
32900
28365
27405
34328
27284
26767
34219
27878
31878
27311
27350
27897
31251
32925
38579
30776
30747
30850
27217
30968
32546
31482
35559
28747
25756
28349
29357
32964
27806
26977
39329
30524
27493
27354
27335
34799
28382
26322
27362
27866
27706
29006
33050
27775
28197
36033
42373
30718
27264
27239
32335
30812
28454
38895
40834
30102
31507
31440
35920
30700
31123
29394
67657
31018
31654
30020
31972
28623
28075
31819
35655
28085
26662
27050
28580
29194
26644
27559
27063
36474
35430
27319
31371
27412
32028
30645
32627
28145
27270
28330
27582
31239
25314
35871
34718
29544
34778
26692
27651
29171
28252
25662
27415
27995
27369
28237
31946
33310
28191
29931
35949
33108
34953
28598
35408
29116
34947
34649
36073
28291
28369
37270
29525
36971
29188
31721
36832
269882
36591
31876
31199
34171
28111
29176
30979
34091
28087
32272
35994
35917
32196
27102
33248
30276
38294
26919
29856
33364
28108
36295
33743
36370
28552
27446
27719
32243
29008
25898
39935
30899
32718
34141
28083
29626
31655
31647
29623
33436
31435
29739
35599
31819
35039
30930
33362
35049
28679
26741
26039
28167
27106
27457
33046
34211
30303
34708
31106
30315
35681
34116
32860
32086
30570
27588
31556
32391
30514
32722
28878
32564
29499
28450
29964
32764
30114
33408
34622
33769
30278
30922
32689
31424
30244
34240
28824
28347
29496
32027
27895
30347
27233
26046
31786
29495
28282
25788
31974
30417
34423
29905
35340
31405
29355
33156
27051
33106
27686
30439
37482
30420
31570
30229
35594
31621
26567
26832
29891
32804
27849
27027
27326
32544
36644
29296
33053
34499
25765
27869
27147
27731
29497
31564
38778
30236
31611
26399
27267
26370
26204
29365
29767
29943
28487
34390
35396
34398
29202
32350
33488
35696
30767
30737
27652
30697
29815
30415
32082
30358
27673
29973
31723
35048
27024
31326
30203
33965
28088
33409
29113
30921
33085
31451
35236
31084
34351
34689
27931
35308
31973
30772
30474
35623
31067
32642
30623
30482
32754
30590
30980
29817
28570
35598
27939
30690
30290
27061
27858
31954
33295
28712
28494
33046
32041
29906
27922
35443
27802
33161
31552
31005
36278
26967
27209
28076
27632
30446
26543
34055
31222
27762
27390
28384
30067
29848
30240
28552
33293
33313
27726
36276
27509
31827
30815
29459
29452
25576
28561
32017
32176
28815
30943
31710
31130
25574
27261
32550
35559
30562
26842
32579
30637
27795
27675
32551
28997
31681
31480
36125
34308
30018
31182
27639
27490
34015
29084
32318
31603
26677
29411
31717
26280
28869
26912
26000
70277
27060
29444
27727
25865
33780
31807
38432
36590
26958
26441
27627
29972
29607
35551
27839
35759
30775
28104
35719
27234
27618
31268
35384
32568
26911
35573
31408
28668
27745
27272
27480
31608
28394
27461
33146
32719
34704
27182
27487
30853
27492
27886
29121
31795
30454
36544
32918
30157
33524
28995
36290
28179
29975
32373
34540
39650
28661
31096
34641
26464
32509
28051
30412
31088
32020
30602
35532
31340
33333
34437
30359
29328
31825
27913
32634
27933
34735
27920
27515
36766
28402
27874
27088
28753
