32629
25660
24800
31249
34486
29443
28279
21609
22886
32815
26139
36472
29054
30690
29149
22894
21661
28676
50672
18515
21674
20346
17705
19623
26453
33229
16408
21654
18312
18918
50119
20840
17898
23938
18020
18592
13617
29688
19852
18398
15070
16365
16423
14696
21829
17048
20752
14135
15252
42167
16402
21189
21963
22519
16989
18029
14476
19614
16213
15300
23128
18800
18176
18607
17834
22271
22789
19544
18626
19583
19201
15803
20051
19960
16507
23101
16977
19775
18191
21175
22090
22017
19101
18315
15877
16443
16868
19911
16759
18765
22579
14812
17898
16221
18571
20298
22205
16177
17561
15539
18622
16549
18606
22185
25272
28142
24417
22034
32714
38880
27889
34146
27360
31266
27196
28995
29902
24999
28953
32795
29401
29152
25375
29391
28465
25613
31507
24264
26396
29741
30407
40258
24509
29584
23103
22354
25059
28721
37388
28240
29497
24409
29123
27276
26665
31959
29368
34898
24187
37326
32408
29668
37234
32906
23385
29064
25284
34096
31035
26573
35346
24639
25159
37737
30234
28383
24649
26143
31302
30888
27851
23767
32199
26728
32711
26823
21978
32297
27043
28944
26453
38798
23916
28949
33740
33395
33550
29666
33339
39704
28597
26390
27390
34186
26955
27969
31877
32682
24379
26359
23723
27547
36011
46714
29622
34438
30727
29973
128104
30512
34506
31900
27233
28158
25247
25668
32416
29550
28072
25482
25231
31271
26027
28703
30510
27689
26006
25955
24643
26666
23712
26929
25739
34467
29393
24967
27106
33965
31714
31942
26897
27950
31849
28250
26601
31618
28875
26567
22713
31921
30658
27223
31433
28573
27926
22016
23895
27597
25769
28082
21707
24950
26567
24073
23760
23990
20195
23884
32090
25162
29148
30095
25963
20435
24593
21080
20875
30414
23796
33446
24508
20300
20280
22570
25059
19858
23411
20598
19877
22920
20591
25411
20146
31727
16833
16702
18392
17873
27695
18121
23091
25207
17526
18439
18874
20506
15830
18715
15814
15427
16843
13923
20316
18516
21721
20904
16689
16424
24161
15969
16926
21164
16626
21120
15458
18567
22448
16952
16215
18388
21958
14631
18256
16005
19856
16438
21515
24286
21495
19342
15026
16199
21807
14942
17857
20037
19847
22034
16762
16096
14315
22714
16172
18755
15602
17444
23340
16963
15103
21305
20530
19814
15016
23517
22754
22180
20963
20187
16614
17458
19774
15211
15598
15859
15023
18688
16725
18017
15254
14719
19129
16572
22642
16424
17066
17158
14880
21195
17996
16376
15238
19279
15960
20203
15390
22063
15322
18467
18671
15349
18031
18310
14933
17525
15607
21895
14525
21915
15201
22206
25219
17993
24123
16053
21607
18205
21602
19783
13717
13363
14845
15210
15405
14822
16266
22099
18396
21476
18583
20921
14616
14010
16315
27616
24424
22565
22806
33662
21647
18560
19846
16925
17396
23192
31375
21118
23807
17148
18705
15242
15856
23803
26983
16637
22878
19083
19486
16675
16794
19781
22802
20292
23417
17982
19720
22801
18452
15490
14928
15813
17442
18115
19950
16833
19260
16745
20153
21011
23417
15673
15074
27263
18748
22220
23770
26060
21394
21068
23637
25239
19384
26532
20854
18932
41688
32225
23096
26054
22556
24211
36428
21494
19703
18999
28258
32161
21130
22802
21714
19833
30874
22514
19243
17896
22804
20857
23439
22305
25469
20788
25063
24863
19074
19816
22095
19146
28192
24534
21300
22922
20401
19570
27446
24391
19663
20196
23032
24257
22152
37016
26855
19511
22465
17623
23074
28681
36227
22133
40019
25965
18439
20008
17937
23908
23652
27039
23089
25730
19310
17649
22498
24270
20381
21761
24246
19692
20197
16799
19258
20697
31298
23155
20750
22676
24891
21408
18600
20216
23930
22728
17685
18109
19411
23067
19920
18976
19266
19764
19670
21747
23868
20126
21286
18751
17604
32708
16482
22176
23612
19238
20433
21968
27374
25498
22132
31417
20022
16797
17641
18526
21085
23840
16304
21781
25849
21058
19118
17696
23680
23810
22954
20002
18968
16731
14795
20284
17817
28023
17362
17945
25628
18713
24087
16827
17142
21245
27703
23750
22558
24250
24801
19096
26545
24172
24766
19932
19468
18708
21935
19879
21398
24103
28996
23964
22701
27441
27403
25048
24340
24674
30638
27525
25246
21420
27523
27152
26007
25996
20861
25080
23760
21316
21308
18839
29151
24787
23557
19915
20984
34172
26334
27081
27327
24736
21800
24806
22253
25987
21607
21984
23035
19604
22896
22282
19989
21899
21499
22124
19945
19520
19696
24322
16973
20941
23261
21583
20022
18749
22768
21862
17520
17380
18402
24885
19903
19079
19656
25268
24065
29053
21311
27232
20236
20355
16977
24332
24261
22864
18462
28942
46619
22379
19473
32234
32466
46613
29082
28789
22149
19981
25321
28888
33625
21071
49598
26313
22225
22188
21832
22589
22364
21283
16393
17451
16020
21135
18470
20487
17995
17358
18665
16535
20625
18478
16647
18294
15959
16104
23092
16012
15948
18813
22176
21895
20199
23141
18518
22067
24434
21696
39388
27054
23163
22798
27895
28777
28582
24153
25439
49961
17811
13578
16688
16228
24346
21548
16582
18725
15077
15759
15758
15686
15327
20250
22727
17618
18171
17800
15935
18222
21380
14159
22519
21793
18335
19439
18822
21023
18103
19350
15845
18207
17242
17062
15071
19179
14970
14919
18520
16672
15016
17813
21826
16914
19091
24157
16153
18408
18665
17762
24710
20383
15403
13583
17924
21611
18967
20516
21267
15594
20616
14289
15915
18189
17010
14415
16098
15974
18613
15713
15259
20501
19187
25001
15425
15924
15177
17143
18390
21926
27753
22295
13884
16333
17875
20097
15831
18463
15522
14979
21520
16290
22922
15388
16283
18789
14705
13771
19070
16774
15285
23996
17834
19990
20393
21754
22936
16106
17794
15851
16279
20337
20114
15685
14986
15701
20421
62563
16855
18960
23191
18169
18542
15765
15051
15225
16544
19978
14968
21570
18567
16362
15846
14910
16381
18340
23161
18125
18228
16072
14433
15017
16676
22210
18096
17988
15479
17689
22090
14966
18308
18620
14755
14671
20167
15999
15205
15913
16947
18388
14423
14867
19974
16400
22725
15464
14570
22641
14330
16807
15962
21153
16845
16752
22931
22147
20982
22043
15214
16078
14699
13985
16762
17553
23411
14998
22589
22949
23105
14975
15488
18623
15345
22202
18204
22586
15357
13517
13872
17955
22561
20050
17432
22329
16505
18067
17735
22022
19158
22988
15759
17748
19572
15911
16672
16776
19334
19320
16061
18347
15120
15157
17029
22501
19683
14807
14534
16215
14836
16502
16554
19336
15140
18189
15420
15208
17488
15105
18618
16319
16527
15325
14974
15506
14999
15227
15382
19130
19075
18773
16047
21559
18746
17651
17676
16547
13657
14483
15144
15251
15560
13801
18319
20785
19167
14106
17269
16382
17831
18054
15328
20199
13646
14419
13916
16719
23458
15318
16610
24455
16400
15426
15851
19284
22315
14430
17035
18488
15362
18351
17716
16401
14751
17561
15281
19542
14584
15040
14503
18818
15490
21456
18325
23174
18268
14347
16774
20838
17319
23148
17877
18638
21049
15720
23168
16499
20278
18510
17636
18142
14927
15655
13710
18865
19076
17721
15493
18330
21759
14895
21530
22635
14118
14789
16885
19624
14294
13516
15320
14989
21467
18314
16917
18012
18333
18535
26817
16795
15357
14201
21895
18276
20319
15230
21371
16711
22071
23327
16155
18001
18925
15333
14717
23778
14700
17430
15159
18756
15410
13950
15081
16158
15779
15489
15908
17826
15654
19273
18289
16113
17999
21432
15944
18103
18575
18099
18790
16179
23317
16944
15104
17922
21599
17857
19703
18112
16582
15027
22407
18933
22748
14507
15447
15786
19505
22044
20055
21463
16156
16731
22774
17604
16065
15658
15212
17424
14007
23560
17319
17504
21259
14738
19690
19388
15417
14611
14375
17512
17737
19654
21416
16779
21210
14926
20808
15719
22044
15026
16715
16230
15759
16071
18293
16339
17707
14883
16172
22334
19048
20006
17145
16417
15195
21921
15754
22582
20287
14900
18361
16317
15573
20539
15285
19443
15904
18774
14437
16176
15735
20071
16916
18352
22609
18277
18052
15281
14427
17549
15427
18770
18551
20002
15411
16449
28000
22557
18403
18492
21808
19050
18502
21949
20702
18493
21883
21742
19849
16580
14794
15641
19961
23980
16116
18218
21154
15161
22543
21292
20288
23499
18699
16571
15628
15118
14297
23451
14725
16959
15060
18951
20298
23477
23039
16451
18791
18745
18209
16567
14684
18619
20374
18089
14389
14723
16271
25505
15494
17319
16503
15934
22033
15513
22205
21408
15582
14908
15197
15946
22646
15081
18661
22673
14404
19488
23650
18098
14574
16918
16235
18269
22110
21919
15697
16006
15125
18539
17018
17468
13554
14989
19157
16609
22737
17985
19163
19358
15078
22231
18378
17007
14538
14213
15172
18043
15499
13864
20757
15993
22366
16244
15438
18277
14159
17337
21694
16161
18623
18302
17433
16020
16003
15137
14563
20154
15842
17719
25791
16435
20092
19523
22158
16189
21512
21106
21380
18817
15407
18524
18979
15851
17656
15743
16698
21594
23663
15189
16188
20411
18256
21386
17978
15649
14841
14628
14822
16213
21389
14329
23215
16187
17949
14533
15061
16926
15361
17014
22570
16234
21202
21047
21413
15908
15666
15220
23391
15972
14988
25895
18447
15656
14105
20141
19403
21318
20318
27783
17700
18115
15582
15129
19146
16046
21810
22271
17840
16549
15516
15264
19152
16181
14611
15979
21368
18796
22885
21722
17397
16367
18925
21187
13821
23475
19036
22748
17472
16171
21861
15102
15113
16259
14563
16510
17607
15981
19493
22593
21089
15194
18776
16575
18844
15841
19441
17935
15861
16445
17576
19992
19145
18551
15882
15535
23585
16613
22778
19161
22662
17380
20770
21562
19037
17622
15268
18368
22242
16553
23025
18908
17866
16460
17391
15263
16055
17803
17372
18702
18973
16305
21210
18502
17295
15878
18342
15558
17751
17840
15185
14018
19901
15848
21420
17806
14808
16279
17338
23564
17836
16334
19883
19050
19372
15080
14374
19806
20746
16564
21675
15185
16396
19020
21095
19693
21547
16582
22416
14293
14462
16364
14847
21485
18975
15331
15723
17410
18864
20698
22705
19404
19711
17166
15991
21390
22296
18380
15515
13725
19073
15859
15155
15110
14256
16660
26271
17152
20682
29275
18471
23730
15441
23478
20687
18137
22696
16301
17620
18569
17691
18823
17841
21340
15901
18204
15414
15137
16918
16600
14696
15870
23398
16395
19148
20737
16156
20357
22251
20006
21452
16856
22326
16652
22688
16315
18008
21693
20259
19625
18701
19102
19692
15993
18144
15574
24136
16028
14231
14609
15186
16030
15719
18535
20145
18022
15439
16835
15513
16261
22202
15652
24854
16539
14631
14895
15009
16003
19125
19305
17936
16135
14852
15662
15067
15789
13783
15430
22394
18558
19349
16114
21893
16688
21975
14977
22424
16891
18203
22115
15235
15804
19961
18747
15789
15760
14851
17761
20433
17655
18435
17249
21432
16184
14536
20429
18868
19034
19550
15867
18653
16274
21778
18826
20410
15744
14723
15084
45789
16060
19573
15515
15041
24644
15765
15037
228978
23650
22829
22207
14329
16704
17551
18567
16271
25478
16157
21969
22512
15766
18507
15257
15516
19030
17288
15316
18682
16364
15088
19466
20195
18389
21816
18947
18514
21941
19163
18691
18630
18058
19195
20888
20624
15758
23121
17995
15629
21649
22437
18969
15767
15642
19960
17087
18808
15970
21895
16986
18767
16370
15506
15045
15015
22578
16655
14864
22550
21483
22355
21167
17497
16319
20497
18278
17115
16514
14999
16759
14357
15725
17868
18385
22678
16504
15444
15169
17107
16181
15660
17946
18234
22982
16289
20677
17380
15507
14820
16218
23221
89777
28452
24823
24421
19198
21223
18265
22344
18860
23455
21096
22139
14690
14855
15779
19075
17836
18317
17099
17443
15008
17361
19912
17127
15197
22914
18031
16677
14901
18783
15627
17439
14852
15822
20161
15269
15807
19118
15486
18026
15126
20831
15977
18255
17387
22758
20258
18271
16857
20613
23064
20639
14527
20721
15608
19320
19982
23117
15044
14685
14057
16423
18918
15312
22857
16440
16795
20540
13785
18005
22169
16779
17039
15775
15259
15184
19234
18694
21806
23896
14148
23687
21106
22567
15915
20616
13871
15677
13572
20709
20669
15407
22939
18387
17488
17194
16514
15258
16936
18047
18308
21477
15386
15200
21886
23352
16517
16951
15967
19930
18638
17292
14418
21715
17842
20476
15022
17561
22735
15692
14601
15399
15125
15649
18422
17880
15758
18890
14772
21059
21926
15037
18399
20039
18489
17776
16545
24155
15278
22040
14972
22658
20235
19402
15739
19321
15649
15403
15136
18207
15561
22571
14241
19093
17897
22646
17200
17671
18719
15646
21722
17079
19695
20622
15195
26212
21786
24444
15635
20943
22100
15747
17369
21140
15459
19901
15743
19063
20068
18044
21993
16800
15474
17703
24707
16617
22662
21038
14009
17920
21233
48874
18787
16597
15583
15014
16564
21033
19881
17285
20935
22164
19500
17331
15853
18689
16138
18398
15909
19638
20638
14990
15271
18660
14259
18795
15809
17009
15422
25582
19487
17051
16078
18347
17347
16453
16946
23547
19146
21878
15042
17617
15299
19559
39081
15728
18584
16735
18975
17529
18002
25242
16249
18074
18876
19320
15461
17439
19170
17789
18054
21221
21348
16949
18271
17945
15190
17353
17474
18063
15363
22549
18217
18461
22922
18519
21159
23566
18084
22358
20264
19670
15531
16726
16645
23368
17832
21393
16530
18699
21550
23771
16077
22130
17746
19508
16771
18578
22292
17114
16939
19889
20507
17075
15570
19878
14296
19154
15510
19006
21397
17923
15555
17942
16030
17155
17728
14212
13680
21105
20574
22617
14804
21557
20985
14783
18962
16737
18010
15186
14495
16338
18692
18671
15534
17153
18671
15588
16075
16895
21900
14564
15005
21351
15081
19171
14450
20934
16167
21768
16377
19462
16184
46872
15535
25155
17581
23163
15478
20319
18045
16378
22885
23270
15971
13680
16733
16744
18272
23840
16195
19286
17909
15207
15401
22682
14674
20860
14840
21273
20210
15211
15079
18762
15514
18589
22584
16725
18387
15178
14682
19926
18251
19224
14547
20301
15713
22251
14493
16412
19361
21200
17834
18957
17395
20253
16105
19531
19153
17713
15764
24202
16558
13829
20040
19047
23805
20388
18218
16716
18660
19685
18233
18838
18420
19619
23480
17040
17709
19609
15341
21811
15637
17522
15333
18776
21574
15215
20862
18535
15508
18437
15038
23518
20335
15514
16030
20440
16404
16888
14653
19719
19923
19576
15392
20494
15206
16983
14665
16190
20694
13561
14698
15247
22858
20094
23810
22010
15703
23290
15371
19143
16704
19555
15505
16911
18129
18642
22302
15966
18645
21685
18699
18336
15159
22894
14682
24090
22796
19584
18511
22345
18628
16455
21999
19160
22149
17440
15312
17282
20612
22033
15353
17811
15541
17188
22455
18615
17813
15353
22642
19296
18240
18546
15522
20256
15149
19769
18365
19116
14947
16630
21952
18660
18626
19651
15314
17321
21552
16037
15737
24410
14890
14550
14891
15881
22844
15870
18344
18766
15311
22572
14561
20473
22224
17571
14949
16104
20566
15390
14882
18165
22204
18727
18320
16972
23260
21326
15475
20702
18377
18600
17351
18741
22830
28943
16164
20400
16468
23061
14371
17553
15322
17138
18761
20565
20063
19641
23424
19922
22377
15200
16815
19798
15568
17095
20700
24970
15311
17818
15390
20439
18040
18466
22215
18839
19139
20115
15253
23414
15822
15718
14053
15983
15210
18019
20770
16968
17967
17735
13764
15953
20932
18603
20361
22803
15375
17826
16759
20138
17307
17327
16373
15501
18752
23999
22411
20083
21038
20232
22539
18821
17017
22926
18484
19601
15973
15173
15440
20840
14426
20137
14875
16376
15078
15290
15924
16648
19542
15828
15207
20227
17838
15226
14528
17215
19262
20015
18105
16882
22283
15315
13996
15579
15184
20680
14136
15623
20797
15225
17292
18032
23073
17286
20276
21369
18002
14976
15565
22327
16793
15434
14885
14733
17095
18823
23098
19357
22357
20193
16798
20726
15450
14865
13802
20376
16316
17452
15462
18305
17810
22533
15465
16390
19023
17493
15479
23740
18701
16888
17697
21213
20735
16417
15015
17351
15868
19589
20845
17188
15608
17198
16858
18044
15577
14461
16135
17910
13534
17040
20105
17598
17137
15311
15236
21553
14268
17037
15154
19035
18313
14619
18659
21913
14807
18261
17810
17892
20954
17567
16527
17077
19585
18446
17707
17023
15624
14899
15154
17380
15236
15300
14921
25601
15565
14675
14401
21178
15305
16730
21931
16841
20878
18816
15087
22307
15324
22185
17564
16733
14421
14255
17580
17963
15912
15224
19557
17088
15404
15422
16204
21852
20903
15055
18369
16732
15066
16344
21841
23026
13890
15989
16487
15641
13992
21534
22244
17160
18629
13870
13247
19706
18857
15127
15353
22882
15141
15656
14907
16677
15121
15803
15363
22176
23314
15565
15200
16950
15314
20707
17111
17390
18798
19819
20471
16604
15948
14618
17444
23565
14259
15659
14683
20906
19205
15341
15163
26587
19043
15528
17863
16764
15566
21519
15068
19049
19041
15282
15217
16346
15006
14466
23075
18547
18196
18958
15164
18544
13737
15128
14925
21774
14871
16080
18204
20732
15484
19937
14876
18519
16314
21740
20453
17815
18398
18647
15876
22325
17660
18316
15169
16792
16401
18690
15919
17790
16362
15648
14341
16162
22267
23159
22316
18900
16627
18069
19657
20164
18227
25043
15308
20832
17314
22961
14253
17709
20389
18824
20257
18456
17484
14238
14117
21019
14644
18561
17966
17491
16543
15601
17655
21929
15013
18800
14502
17514
15431
17397
15083
20513
22408
19462
20996
19311
17467
17654
17422
15326
17802
21581
14319
20214
17021
14793
13802
20426
15096
23150
15413
15821
22286
18626
20269
23999
16787
16259
14375
15479
17306
13939
16827
14949
15891
22050
18766
23046
16927
15957
14897
19185
22236
21383
15699
16686
21069
15164
18512
18130
21737
23080
18629
19246
16934
14460
15023
21847
15103
23702
15807
17400
18207
19515
19165
22869
15353
16633
15038
21149
16508
15044
15050
18521
14315
16240
14788
20429
15025
16749
13950
15840
13609
16533
15462
16567
23275
14584
22914
17444
17302
21165
15613
17596
15889
22278
18023
17244
17972
18030
23290
16034
16292
21085
15207
21639
18393
18462
20072
20744
16640
14321
18721
20760
18926
16188
14122
21199
16129
19511
15484
20605
13988
19075
20609
21014
16778
18307
21801
16626
15744
18450
17609
22246
22470
17769
18722
21282
15242
19088
15415
19526
18675
19238
17991
16941
18426
18496
19453
22461
15678
18316
16565
18906
18493
46245
16841
17452
17908
18206
15235
17676
15756
24450
21465
22400
22109
21091
19304
18076
17576
19265
19721
22480
19062
21120
19133
22569
26098
19049
19900
22600
16092
19234
18147
20391
22973
29565
21192
19085
16199
15694
15048
22436
15946
19120
21570
19471
16047
21779
18313
22360
19480
16088
15313
19936
16047
19405
18164
17643
19812
19249
36375
23986
19641
15275
14653
21345
15506
18071
14830
19444
20895
15829
20886
16821
22824
19099
18360
17558
18241
19258
15513
16723
16871
15303
15609
21979
18634
20065
18995
16757
20170
22714
18407
22283
18276
17092
15644
16772
16916
14835
15552
16629
17840
17126
20995
20522
19033
19654
15278
16718
19111
20335
19076
17652
18801
18398
14876
22979
21932
15243
14673
20209
20526
19421
15450
16433
17792
15420
14600
14952
19202
17623
18121
18522
19341
16614
19238
21536
26881
17661
18708
18317
19822
21068
18619
15126
18928
15216
14974
18229
16546
16484
18647
21916
22840
16021
15020
17532
24201
23755
19060
18475
18595
18259
14824
18837
14469
15263
15020
16629
17500
14329
14520
17716
14780
17274
17574
22045
16782
16860
18799
22649
21348
17483
15849
20325
19478
14942
15551
23367
15380
17129
14483
15458
19656
14790
19940
22684
21314
15130
17815
17300
27048
18160
19675
17876
14972
20651
18512
20579
19274
16042
14632
16802
18028
22409
21345
21499
21276
16917
19236
19296
18391
20213
18652
17191
15088
17007
17476
15077
15753
16738
15052
16958
23973
14268
14282
16197
14363
16739
19469
21338
18345
16253
13958
14836
22157
14869
16699
20302
17672
15494
15128
18557
17701
20072
16491
18159
21182
16841
15221
22258
22785
15932
15292
19636
20453
22379
19382
25991
15275
15384
20920
19041
19187
15365
18135
18019
15192
17722
15602
22421
15459
13558
21193
20815
19848
15449
15043
16968
18910
21800
14619
16312
14870
21369
15652
19240
19477
20087
22112
16557
15467
21300
15310
20392
21777
23193
14954
23458
15273
21147
19737
20678
18352
14831
15317
18122
17817
22288
16418
16274
16910
18281
15906
16380
23939
18815
18425
19555
15613
21574
19692
23893
18311
15959
25858
21588
20530
16718
19036
17264
18678
18511
16777
19854
15286
20043
19494
15906
15422
22363
14134
22567
19039
17564
18369
16925
22554
16872
15352
15771
18719
15260
15161
18136
13851
15717
15591
20190
18710
15177
19556
21407
16047
18352
15339
18624
21237
17929
18832
17166
17924
20180
15039
16482
19105
19736
19536
18725
15141
15348
19262
20116
19133
17283
16975
20131
16785
15245
13913
14575
18586
14907
16462
19120
16161
20717
19242
23049
19478
22357
18178
17064
20120
18304
19472
16672
23482
14221
13699
15122
20650
15579
20055
23814
23759
14716
21012
16483
23817
15211
15612
16816
18735
19257
18544
19598
14858
19911
18049
19791
17822
18549
18067
16919
19282
18171
15438
20336
24400
26052
15739
20929
14975
21465
20908
21935
23558
18052
20369
20968
15243
20861
17782
19933
21802
22081
21231
16106
19041
15440
15625
17101
17519
19285
15344
16627
15097
20937
14980
17079
23478
20272
15003
16184
15978
15037
15282
16032
18989
21676
18901
20578
13945
15001
17627
20109
24411
14396
21842
20183
17473
15461
22190
16842
15514
15148
21802
22677
15001
17567
13467
19348
21709
15247
15810
14841
14770
21593
14865
16440
18952
18044
17343
19281
21029
16847
21678
18914
20853
18520
14693
17403
15229
16983
19982
17888
18247
18140
18509
22808
14410
21809
15150
17443
47283
17051
20720
19666
15178
21027
14963
17731
19526
17607
15158
16238
14699
18339
18908
17907
21838
18717
20544
19750
15162
18238
17793
19313
49038
15802
15216
17258
17274
19372
13851
15446
15122
15679
15098
20782
15089
22701
20577
25330
15387
16051
15559
18157
14531
20792
15613
20115
17588
15602
14995
27775
18446
16346
15251
20504
15347
18231
18082
20332
17865
17648
14410
16151
16528
15458
15527
16290
21121
21001
15040
21047
18906
17267
14722
21782
15237
20454
17672
16856
58795
20637
18537
16923
20456
19734
18776
16990
15434
14932
19031
22197
15278
14795
15241
16874
15527
20802
22757
19210
18701
15272
19200
23337
15539
15778
15621
15822
20863
15156
15164
20453
14987
15987
20171
16867
14962
14089
14875
16498
21125
22992
14833
19386
16547
14626
22479
23371
20365
21919
17416
22937
17709
15807
18052
21446
18163
19828
17596
14425
17504
19524
19608
21927
17431
15921
16717
16676
17340
18837
23207
20546
15153
19096
16036
17788
16959
20884
19632
22113
15582
15251
15091
16245
22604
15463
14812
15914
18009
18728
18444
17763
18456
22041
14175
19889
15701
14826
14173
19752
18434
15486
15164
16929
22880
21842
15836
17796
15397
15249
21786
16698
15286
15843
19253
14626
16343
18993
17287
18590
20520
21056
19746
20880
17677
18761
18310
21825
15445
15535
21694
16240
23509
14318
22547
16276
15972
14040
15966
20891
19441
18794
17002
16770
15627
15053
15439
20435
17911
17186
15112
17410
22147
22262
15241
19298
22021
14998
21557
20425
16577
17420
15324
22494
20733
18615
17487
22321
14070
18189
18692
20170
17815
14091
17314
20625
15063
18306
18305
16936
18653
18388
21681
20672
17975
19233
21130
16585
20177
15258
21371
21397
14906
23424
22567
18359
22463
20428
17550
17077
20387
19889
15348
20372
18435
15314
18394
22881
16931
18241
15648
23038
14523
16052
15014
15734
15538
14808
15530
14948
13698
19603
21354
17559
18844
20701
14432
15261
17364
16675
18736
18228
15120
14483
14699
20415
19361
18942
18080
20630
16604
16129
16461
14817
15610
15219
18038
18937
15035
19665
23165
22318
33611
16156
15419
16531
18892
15222
15879
15202
15466
18535
21965
22282
17155
19601
16825
18982
21069
16067
21910
22279
23453
19664
15208
14276
15222
16888
15403
18445
19041
19198
18699
18337
21123
17561
15254
18895
24872
18155
15366
15632
15054
20809
15239
19659
15691
22283
19683
15369
14583
18810
15494
25645
16622
14926
15377
18616
21077
16043
20067
17609
20800
15625
15283
15490
22116
21339
15169
15237
16857
20338
15356
18244
17482
18527
21202
21900
21516
14179
14946
14290
23032
22697
17311
22117
18180
13561
15428
19978
18627
22201
20727
17883
18648
20085
14188
15085
16530
15038
22235
14800
20593
21560
20726
17939
20695
17882
16682
14745
19191
18018
19913
13441
22015
18326
15531
19367
18913
15414
18104
18416
17061
15898
15400
14963
17057
22560
16799
18640
23165
20425
15349
18508
22294
14948
14959
13766
15912
20665
20170
23616
22609
15634
15394
13891
15852
21080
21211
18828
17815
22780
15070
18551
21660
18012
22040
15143
19870
15429
15310
14835
19304
17974
21556
16785
19016
18293
19749
18134
18414
19075
15266
21569
15061
17812
15154
15824
18759
21369
17917
14879
15583
13347
13688
17273
18158
16628
16730
18183
21060
14771
15057
15008
16995
21124
15506
15133
16498
17009
19411
15434
18149
15620
18559
17942
18625
19792
18039
20558
21524
22784
14919
21783
16205
18815
22493
16590
18871
14834
21749
15591
22257
15380
17354
18680
17202
18058
18724
19453
16868
23204
15574
21913
17647
24639
18406
18287
18772
20423
15349
15027
16752
15056
18139
15558
21981
15319
15057
15209
16246
17773
14651
22302
14282
17029
20887
21306
22794
14859
14898
18912
22619
20015
18233
19253
22195
15217
15582
14897
19260
18436
18047
15318
20797
17582
14926
22080
15184
17787
25127
15191
21787
15463
23579
16635
22976
15248
15128
15161
21088
15028
15670
22127
18918
15373
21102
17382
22410
15522
19579
21059
20206
17041
15200
20543
20666
17914
17724
18988
15640
23115
14870
15776
22935
15136
14804
20616
18980
20014
15315
15184
15873
17307
15323
18470
16884
18412
21721
18049
17750
14698
15022
18753
23906
21475
16955
17836
21253
16827
18427
17792
20224
15939
17036
23009
16880
17091
19337
21748
16943
22268
16529
15079
20297
20466
15189
21222
21179
17001
17088
16758
21011
15133
22162
14329
20621
16731
15506
19816
17732
14933
16336
16688
23172
18415
23080
14079
20079
18101
19562
19221
22457
17317
21519
16337
17793
15347
21562
14676
15246
16766
15639
19429
18129
17574
14920
20529
17933
20835
18908
18186
20796
20151
22048
15103
17387
15188
19794
18364
19853
15238
15155
14609
15662
21058
16816
15372
21386
15282
15315
15855
16537
16903
22719
16479
15691
15880
20101
17657
22570
15361
15070
15206
19496
19664
21194
17788
20651
15018
14554
15473
14647
13496
14506
15322
22131
13897
20184
16523
19236
18671
20228
15220
21155
15330
16027
15112
16942
14987
15042
15400
21958
15016
21810
19575
20754
14967
15920
15260
18217
13878
15435
14162
16413
15017
14592
21526
19213
19237
14653
16076
16747
19055
22135
20314
23759
18763
20914
21186
19554
18271
18508
22116
21739
14877
17266
16920
19361
19638
19964
23448
17198
20847
15334
17141
21606
15519
22435
18498
17345
16538
14654
18427
16578
17683
15647
19168
19001
19975
18044
16296
23478
14402
15651
16199
21797
21803
14840
22035
18062
22472
15639
14868
19419
16071
17726
20121
21459
15995
18833
15536
21713
18523
17841
20469
17340
18266
18163
14960
16593
17766
15478
18420
16814
18233
17829
17885
17311
14901
18254
14772
20002
15795
15813
15134
21116
18818
17353
17194
22602
14503
20976
20199
17510
16560
18684
15664
22177
15038
14890
22587
20521
22478
16358
17341
21014
14844
18474
18713
20738
15169
14691
22244
16798
18210
15895
21653
22793
20542
14444
16688
22675
18363
17799
20747
16720
17942
20681
22112
20529
15362
24216
16267
18588
18837
15489
23516
21816
19309
18011
20711
18480
17938
21193
15220
18174
15056
14014
18288
18432
15521
14854
15560
22468
19152
22569
17740
18462
15301
14661
15131
21541
22888
15581
17518
16005
16307
21688
18730
21343
15843
18283
15296
17705
21086
14697
15105
21511
23115
18855
21576
21406
15212
22226
13981
23570
14640
13326
17573
19194
17691
14033
15035
21405
15305
14211
15541
19329
17744
18732
15105
19985
19303
18865
17254
17917
15384
18591
21817
24188
17472
15052
15247
14943
19310
15216
16017
21595
14314
21802
18640
30530
15406
18520
14570
18327
17724
18405
19660
16999
21041
19014
18157
20396
17899
20742
21484
21542
15494
15874
15941
18751
18749
23609
17877
19407
19097
19784
18254
21287
14896
15284
21184
17531
15096
14594
15036
18085
22920
18375
18604
18919
15659
23042
14121
17611
14064
15400
18695
19567
15001
14842
14809
21704
15151
14551
29639
31387
25755
23036
20228
17614
19028
23192
15632
21450
14899
17714
19812
16884
17436
19511
16048
21709
17850
18408
18547
21371
22695
14426
15763
19993
17389
15676
21181
21680
15743
16647
17399
21598
17702
14767
18763
19360
19772
15673
14883
21543
14034
15295
19973
19160
19031
22801
18212
27931
20538
15605
15124
16132
19655
15630
22227
20664
18501
16139
16816
17025
15668
20287
18264
23949
19849
23205
18579
17849
15243
15290
15459
16936
17369
18324
17198
17172
18065
21708
15416
17945
14759
14857
15227
20616
18767
21640
19014
22267
18343
21094
15117
23302
21780
18433
15052
16849
15967
14554
16955
19956
19583
15769
21471
20560
17880
21976
17661
17080
22472
15457
15877
20325
21403
15417
15610
20049
16407
18197
15803
20625
17826
14641
19054
16503
20862
22080
18170
20660
17530
18109
18485
16844
17537
18015
19378
21201
19642
15093
18078
17628
18268
15424
15172
22080
19267
17872
21339
19859
15326
20860
15538
22911
15179
17382
15796
21155
17992
14912
16241
16867
18960
15298
20130
19531
13702
15228
15609
18098
19184
19040
18690
17147
22354
15518
21712
20864
17693
19013
18032
20953
22703
21810
18619
20669
18314
18887
18280
16918
20271
17899
22696
17957
22653
15358
14841
15359
18660
22217
18121
21670
21319
22343
15735
41913
21979
15348
17201
18519
21092
15088
15444
20338
18062
23872
20137
21749
15757
19849
15555
16669
17749
15214
15065
23597
17781
15242
15867
15549
22381
19670
19403
22376
18887
15863
18441
24312
14743
14880
14682
16592
16463
20059
17706
19854
19118
14804
15732
15969
21273
23355
22314
17703
15132
14057
20542
23781
21925
16771
17981
21485
15046
23114
19877
20284
20445
20068
16190
20062
17444
14468
14565
16281
15053
18256
18689
16598
21905
13919
15563
18078
16605
16521
24221
16573
21350
18693
14384
15353
16782
18834
22392
17957
14465
14849
13882
18515
18827
17480
14239
17247
17786
19246
20707
20297
15001
20942
26851
22759
18442
18480
19331
16172
20812
18713
15249
22569
14291
22108
15696
16055
19221
20923
15983
16008
22382
13726
17963
22890
19476
15824
15925
22113
17041
17508
15760
18823
19201
19639
18079
17255
15580
15514
15472
23021
17434
20067
15740
20547
20028
14045
19594
20010
18445
14850
15387
19438
22281
16745
14554
19720
20613
17322
16154
22809
17803
18904
17971
16849
17358
18488
22018
18491
17424
18543
19747
14213
21079
15184
15215
22087
14872
14693
15764
16145
18594
15321
23374
17081
21830
15084
14706
23547
14722
21155
16461
20066
21012
14955
13908
17715
18036
18475
14030
18763
15105
15157
13987
16343
15218
16479
15369
16720
15910
14857
13980
17891
16061
17694
18510
21951
15187
15382
19126
21386
22874
15263
14484
19669
14207
16338
14759
23622
22106
23815
17631
20902
23258
21044
17546
23479
20460
23055
19169
23809
14612
15061
15783
18234
21517
17602
18652
17121
17829
17983
18112
17469
19201
18391
19467
19681
62265
14292
24019
20325
20198
21959
15842
20371
17180
21797
15386
23303
20403
19080
19822
23529
15119
15297
15509
16724
18293
15518
17393
22921
15066
16978
17773
18279
15342
14702
21738
18874
17607
15548
17576
22742
17531
19085
14883
20154
18303
18576
22962
17573
15080
15607
18925
17788
14905
19705
17648
20713
20202
15349
17883
20608
15887
15106
17505
23439
19779
15817
18027
21643
15533
17917
18753
17550
15399
14503
17625
22395
17885
15433
15156
21180
18404
17848
18573
18020
15011
13617
19740
18838
19527
15126
18045
22633
16126
17222
14181
18528
17924
18001
15550
17519
23925
20086
20008
20920
16839
17092
17290
16865
15974
17682
15688
16846
23510
22445
17782
16470
24318
20965
14544
17000
21937
21827
20585
21056
17917
17609
20269
16180
15308
15895
19168
16943
21610
17209
19858
22678
18370
17601
23074
17531
20277
15533
22597
16812
21444
20044
18511
18075
14730
17762
18505
16704
15522
17279
21358
21853
18520
17774
15164
20440
15151
21569
20371
23134
15302
17708
19495
21075
22527
14807
16444
21689
19856
16371
17332
27895
20885
23003
17678
15943
21277
18990
21845
19088
54761
25012
31360
20547
22218
21988
23308
41719
28748
26592
22156
27068
16443
15781
15954
17241
18118
18891
18333
18742
21734
17916
20259
16468
14309
16067
20010
17279
21311
19562
17424
18884
17726
22149
14431
16295
19067
16319
14998
16606
19344
18374
15283
17275
17774
17805
22038
21045
19223
17755
19533
50109
22044
18214
22958
19479
15615
15078
15811
17574
17403
15664
14945
18845
15093
17365
23951
21698
19822
15586
13783
23097
17915
15018
19520
17060
16255
14755
22651
19794
15460
15047
16136
15663
18684
17452
18582
22544
18694
20460
15010
15413
22012
14993
15076
20207
20168
15524
14922
16587
17126
22285
14196
16207
20558
17029
14802
19787
16292
15404
13939
20038
14871
17340
19107
17367
15183
18821
14878
15274
15549
14463
15435
17881
22203
14862
15830
16005
19897
20360
21181
22242
15400
14991
15483
21309
19479
18841
15051
15001
20031
20854
14806
17542
23883
20930
18975
17653
21623
18344
15460
21497
21851
15625
17375
17107
18610
15050
23426
20305
19023
21813
14836
20960
14987
16604
14953
19875
15444
14658
15485
18871
17978
20536
14990
24426
22541
15298
15267
16961
18994
15140
18817
20099
15515
21154
14511
20331
17881
15256
23275
19671
15163
14971
14982
18112
19322
21584
14781
19040
15140
14712
16436
15407
15128
14883
18378
23370
14957
22748
18046
21277
14970
15195
18679
16442
18665
19252
22006
19610
18557
15930
15345
20621
17879
25057
15431
18157
21232
27653
27006
18114
19121
18386
17861
21319
14782
23840
15413
21286
15354
17961
15429
19528
17961
18463
20523
19865
16405
19543
14524
18247
21159
18199
18590
19994
22843
16420
17757
16401
15313
16378
13777
17480
15631
20180
16079
20359
20629
21178
15630
20019
14459
21538
15869
18258
15411
17722
17942
17065
19846
21918
25983
20987
21369
18388
20953
22847
19443
16495
15265
16969
21232
20627
23051
19217
22268
16557
14923
16600
18219
19889
15169
17831
14637
18530
15359
16685
17761
15163
13899
20101
18171
23516
14725
19901
16611
16058
18112
16836
15636
20198
17678
16281
16140
18290
14822
25818
14386
19964
15322
19566
20928
16801
18791
17150
22654
16884
14821
19369
16298
22054
15519
17606
20224
18079
15617
21086
18204
18919
21680
21321
18089
19698
19705
25240
17962
15676
14179
20215
18592
14967
16132
16627
18643
15382
15405
19924
15203
16049
21041
14863
21327
21021
15263
16216
18034
16402
21103
23814
15636
16839
19342
20030
15652
18317
21637
16333
16906
18809
20804
16920
17879
45939
18458
18058
17065
16861
14193
20058
18747
15784
23038
20015
16335
18026
17531
17476
23221
25594
14373
15336
16297
14042
21583
19358
47311
17194
14792
21544
16504
22141
23015
18723
15392
15953
23305
16682
16878
21001
18387
17557
17878
17724
18963
22794
15554
15113
21801
19534
24500
16709
16368
17238
18859
18126
18340
15523
14733
16300
23844
20439
22574
14669
22052
19835
14546
17641
14588
17392
21399
22291
13908
17711
17648
14979
18412
19551
20043
14968
17839
18476
15310
22244
15544
23162
21977
14493
15048
16326
23437
19548
17973
18160
17980
17176
14930
18525
18544
22264
18831
17002
16007
15413
20154
17008
15112
17245
17387
20261
15202
17425
15328
21626
13775
20221
15838
15211
19081
15337
15396
19745
15331
16048
13719
16661
15453
14954
18132
22219
16019
15355
18603
22021
19029
18280
19857
16592
15790
15627
14469
15196
19865
18563
15113
14550
15016
19759
20515
21361
18238
13572
14603
16681
22826
20421
20493
17368
19406
16243
15319
19406
19664
21521
15238
15836
18927
16318
20167
19573
26776
18713
18633
16498
18131
15599
16608
15077
14613
17580
21245
21706
21156
15621
14650
14808
16721
17323
17561
13955
18230
15003
19638
22185
15502
23890
18006
15087
16822
17451
16082
15821
20198
17364
19188
18272
17384
18447
15467
15095
16021
16666
17769
15201
20128
15995
16274
16160
15514
17099
15208
15620
21903
16414
14871
19678
16862
15799
23359
15791
15782
14798
14486
16030
14693
22132
15401
14582
23883
14558
14510
15769
16769
19763
20244
15196
16883
18329
15520
15275
15964
17331
21197
17567
22639
19527
18383
15695
19822
20735
22737
17063
18718
15349
15422
14563
18327
15467
14807
14148
17203
15930
14973
21760
18795
23309
18373
15536
22506
15020
15832
15012
16150
23885
18117
18548
20105
14543
15331
14013
18254
18624
16974
20994
23523
17664
14830
20101
16558
16823
14473
14960
20550
20467
22571
18773
16411
19388
15565
15409
16931
16152
17312
20199
23195
18020
15758
18559
21809
13936
14811
18283
22174
20488
17152
18791
22843
21798
21981
18549
23559
18175
22211
17932
17266
15115
17080
20810
20720
19089
18229
18902
21329
15033
15929
18146
24230
15541
15208
22311
22502
15345
14939
14077
23832
22335
14850
15157
15366
16606
18586
20763
19158
18703
14078
14593
21268
14922
20281
14087
17040
16968
16160
14483
19926
15272
14822
15370
20567
19301
20992
15470
15855
16823
15757
14960
22659
18238
15171
22307
15794
19285
14901
15167
21040
19638
18451
18505
17989
15231
14053
16353
20482
18502
14137
15827
16981
18654
22441
14247
17784
18330
17077
15744
19343
18331
14321
14913
16323
19697
17626
15048
23187
17136
17438
15383
20718
15066
15188
15558
16359
24467
14904
21665
18185
17161
15580
14548
15705
16697
14681
14518
16555
17485
15008
13527
21014
15109
14912
15514
14977
15005
15143
20783
16412
18921
18703
18515
18014
19323
20199
16118
21821
15157
23040
16969
20144
18759
15896
18834
32549
31861
28403
26533
21410
21906
23909
21396
29615
22280
27512
29467
33696
29262
29818
22952
29671
31697
24634
22383
27787
34744
27122
25238
31503
29040
30145
26642
30730
24125
27149
27107
27771
27913
29369
36483
27769
32487
30677
28842
33144
32378
26086
27371
24518
28557
26782
29426
26890
23486
31381
24982
28217
28140
32293
27279
38487
25263
25010
31078
27524
28654
29459
27386
23976
22136
33593
24266
31132
26269
23728
31429
29643
29215
25967
26347
33117
33764
33262
28889
24596
31934
28335
30869
29679
36703
36442
28505
30898
50159
25854
31617
29779
25866
25934
28514
29985
25601
22122
29260
30884
25634
37621
31056
29741
23920
29046
31595
25373
26873
29251
25959
30799
25239
28293
22713
34682
35800
32230
25836
26677
33203
24599
35198
28957
24707
32190
25600
27298
33160
27741
22142
26997
35085
28864
26350
26273
31365
26858
22264
30610
27058
26478
23698
41392
28246
26719
23295
36295
31494
35004
28399
34505
29278
23344
26481
30658
29988
27324
23988
24441
25569
29706
28283
24399
22308
23281
27474
29384
33826
26186
22977
26579
30304
25041
35580
35725
33039
20495
31575
26527
26175
31914
20083
29459
23055
18652
24347
18319
44838
19727
22655
22000
19512
16544
18293
20609
18650
16684
24090
18146
18634
18915
18413
19114
26523
26876
18920
21488
18380
14174
18239
16370
16658
15905
16685
23524
20776
18581
15093
22221
21646
15591
14874
21919
15100
15637
18078
24896
20335
14047
14934
18361
19983
16000
15286
21190
22208
20764
15649
23643
14622
22581
15639
18648
16799
16906
14487
22146
15205
19758
18280
17316
19048
14525
15234
18292
14186
20887
17427
17140
17496
17582
17514
17408
18691
14099
22696
16792
23795
15212
22862
16853
16398
15357
15014
19491
17085
14976
15807
17965
17605
20593
17828
18458
19471
15025
17786
17142
19421
17589
15640
20023
18680
22111
20112
18440
19346
20055
17819
22833
17058
20118
22374
18036
15123
18465
17710
20452
18096
15297
17175
21937
15241
20690
17097
17081
17744
16062
19680
17428
17038
14339
21209
16347
42866
18656
22206
23488
14642
15522
17955
14992
24670
19265
15158
21585
14710
14690
13614
15699
18422
18153
15714
17203
15727
15407
15119
16169
21068
20304
13877
20686
15502
15324
14011
18113
17197
16151
15416
32546
18643
15755
14473
15973
15714
19274
18260
20839
14178
19868
17967
17944
17803
14800
16931
20381
18469
20022
18348
16703
17089
22614
18892
16986
18478
15173
23455
20393
15771
14275
14664
22179
15217
22636
17157
22234
16676
14844
15776
22493
15133
14873
19938
22296
18491
15447
19068
19547
20367
18599
22414
20273
15033
19194
15770
21591
21036
17677
21727
17411
17975
18508
24768
20156
17980
19482
16826
24105
21153
16319
20644
17893
17111
15143
14679
21158
16581
23725
19483
21157
18441
18396
15704
17753
17974
19404
18057
23100
13733
15125
15282
19877
16935
14355
15344
21546
16111
15726
15902
17353
21485
23399
18332
22946
18809
17940
17894
16486
17603
14154
21170
16660
20040
14602
15983
18264
20555
15619
15599
21571
14981
23277
20833
17723
19627
15363
16514
17523
18240
14715
14786
20626
18076
15658
15294
22127
15825
22388
18721
25842
21563
18915
14649
20440
15257
14560
15910
18769
20103
14719
14479
21294
14397
22523
19038
18427
16324
14963
16218
16710
21688
17660
19274
15476
18535
15022
15477
21543
23457
16789
15676
18354
21889
20241
18578
23126
19642
22683
17824
20061
15579
13515
16928
16370
19699
15552
16992
15938
17383
18186
17460
20667
14655
14678
15140
18593
18723
16043
15075
20350
14613
23854
17490
16818
17105
14956
16694
18723
19269
16337
15422
17655
18184
14445
21957
21563
19830
19041
19519
19736
15573
14559
14579
22197
15013
21785
16378
15531
18116
15078
23724
22968
14895
17851
20199
20526
19178
17870
18995
16641
16522
14656
15632
16395
17409
14643
19226
17215
21990
20124
15681
19628
18412
21651
14806
22810
14313
17481
16679
16746
19037
22624
17222
21158
17102
17837
19349
16412
15657
21224
18412
16740
16912
19830
13872
17603
21402
14849
18760
19702
18085
18963
22721
15801
18602
17968
20428
21561
20553
21938
14811
16849
18646
15312
19195
20258
14812
14971
16080
19837
18951
16988
18101
22877
14640
15799
19031
24051
15175
19057
22160
19985
20240
15510
23218
18929
15090
16495
18332
16026
15647
18563
15417
20164
13881
20800
14758
22174
22143
14332
18088
20250
14612
15080
15573
16238
15667
15181
17034
16183
17636
15798
17401
18419
18396
14920
15621
19841
15142
18507
17895
17670
20733
21474
20445
18733
22676
16930
18406
17361
20995
14884
18894
20666
17201
21979
23376
19773
17585
16080
14453
20060
20785
15298
20056
20289
15019
16815
15375
19999
14915
17617
28211
20828
17497
15616
15170
19995
16780
15280
16793
18595
14448
19217
17381
20371
16842
15740
17534
16407
23422
20858
14674
16743
18318
18180
16663
15013
18217
14936
21808
17939
15247
16728
15263
17750
14418
17463
14658
16234
15070
19583
16239
16654
19058
16903
25579
18970
21546
16656
15088
20479
18483
16450
21019
22202
15455
20920
18785
16775
14678
14964
14432
15566
19142
22157
20926
21182
15091
15750
16902
16149
14154
21529
19167
14691
18438
15847
22149
19886
15786
20426
17592
17577
18721
22575
22629
14561
16932
16673
17752
16788
16899
14582
14665
18261
16175
17595
20738
19641
18595
22276
15134
15231
13478
15416
17828
15284
19313
14362
15031
19485
15408
16919
19453
16927
14936
17269
20018
16883
15054
20558
19464
16539
15085
13680
13709
18123
18196
17019
17895
20021
18571
17911
16397
19855
18121
21995
16028
22658
15478
18689
17153
19183
22529
20598
23153
16847
19993
19620
17647
20399
16574
18373
18618
20472
20143
15891
16388
20307
17960
17883
15937
20121
15414
14315
14882
15750
13823
15325
17275
20076
15809
16474
14082
18785
18946
14903
18378
23634
23355
17450
18612
20978
19579
15596
19776
19753
19598
20063
15483
17002
16040
14994
20926
18115
15306
14460
15083
19260
19638
21368
17378
20559
18141
21240
18202
22367
15062
22756
18070
19458
20178
17687
57963
19417
18465
15086
16387
25031
17884
21495
14822
17703
18391
20329
18640
22060
62971
16311
19252
19636
18749
19350
16078
16383
22051
14885
15547
18344
20646
20739
18530
16905
15067
14921
17008
20267
14777
16891
18108
22410
15339
18350
18043
14267
19554
21368
17542
17039
19173
17208
18507
19090
21419
19244
15596
16036
14875
22330
17173
20166
20644
20080
15740
16363
19134
18066
22347
19851
19516
16667
17844
21318
16520
30345
22310
17589
21247
23811
18500
22246
19234
16494
20234
23914
20377
22681
15560
18814
14626
22379
17183
20845
15434
21282
28332
23064
16880
20220
14671
16387
19964
18126
22040
20206
15514
15186
15417
19062
18123
20975
17480
20733
14968
19153
15373
17661
13595
19659
22860
17001
18798
19271
17808
21305
15524
18833
15724
20462
14900
13953
13893
16177
14939
19007
16993
19898
16643
21418
14920
23229
14056
16753
17412
16846
19400
19423
14776
21659
16037
17180
16993
23228
13946
15169
15010
17968
22656
18403
17354
20737
16005
15465
17646
23978
16185
16022
15124
16994
15174
14806
21751
16371
19924
16812
21788
18862
19086
22637
14444
17504
15256
20881
16704
19324
22220
22349
14689
18376
15095
16152
15022
17366
15340
15949
14553
16560
16199
13693
18687
16968
18322
16165
19787
17667
15178
16668
17422
18936
22659
21149
21924
20720
17614
22130
20592
21405
21199
22165
20235
22434
15687
15456
15889
52916
18881
16190
22252
18164
15769
19201
16636
17840
15387
14157
15348
15865
21125
15085
17882
18013
17274
21023
19236
23007
18661
14828
15627
18843
21466
22760
21780
21253
16776
21103
20420
18533
20358
18160
23747
20431
15151
19041
17239
17086
20209
17269
18748
22986
18351
16552
19124
16923
15087
14641
20409
21817
22717
15416
15605
15780
20129
16216
14280
17400
15966
15428
17692
16161
22542
14500
15781
22134
15971
14869
18073
21652
22806
15654
14874
18103
15684
14970
17100
19152
18599
22072
16080
18220
15288
19740
15544
16896
14047
23731
15266
17011
18839
15536
22573
24443
16878
19300
17499
20302
15365
15469
15351
15001
19112
18833
15016
17294
17944
17483
21063
19478
18957
17258
13596
15657
15130
18440
15885
19437
18067
18538
16208
20214
14899
15225
20529
23775
18424
15309
20855
18561
22843
15386
16321
19198
14898
15020
18478
24610
15977
16969
15333
22501
16374
18416
21796
16794
16307
15216
15567
22884
21573
15076
15074
15747
15845
15496
15341
16648
18583
14874
13897
23959
14880
16525
17326
15257
21071
15271
19486
17449
18821
20319
21966
20769
14622
19575
20759
20399
15106
14421
17714
18434
18661
17311
17827
18082
18067
15681
20656
18315
17583
14756
17149
17277
22599
17313
22728
19504
15209
28566
22799
24851
20661
17356
15712
23735
15093
14735
15428
17187
23069
15176
14443
22457
15676
20512
16459
17137
18475
19641
20648
22335
21683
20605
17291
20204
19161
15443
16329
20896
20865
22957
22451
16738
18001
15288
19650
19965
16487
13286
15804
14977
15504
20806
17801
21072
20032
23850
17644
17155
18980
21663
21123
22608
15770
14968
15153
19332
14794
17976
16770
20184
21519
14956
22494
23025
21222
15790
15571
16608
14764
21675
20363
19676
20057
15149
20406
21752
22639
17225
17727
21799
15243
19580
20090
22088
15898
15222
15003
18905
23651
24349
19681
19500
20521
32116
17163
23516
20559
22020
15216
16868
24800
19823
17048
16936
20737
15758
14446
17290
18223
15026
20922
21905
15035
14175
19016
17222
21810
18260
15679
17311
15231
15357
17753
19151
18101
21510
16269
20211
18384
15273
15024
16822
19265
19006
17824
18176
18883
14714
14498
20200
15506
15037
18800
20322
15329
22468
15892
21679
17090
14644
18588
22511
15607
15011
14557
23014
14152
21918
18817
22275
15565
14030
15885
20206
22818
15447
21360
16344
18173
23063
18692
23069
19190
19654
18737
15972
17664
18139
14898
20481
15398
16107
17195
19806
15867
14078
13339
16831
23294
17386
18972
22243
14147
20487
15111
17244
15774
14991
20728
16350
22319
14063
18220
21175
22867
17695
15413
20197
15011
16683
14491
16109
15211
14742
21771
19772
17740
19086
18523
20902
16067
23093
20464
19840
18797
17888
19609
21152
18518
17071
18717
16741
16020
15331
19453
21597
15244
15040
21243
20286
15865
19860
17449
18117
18972
15584
18200
23110
17697
20232
18465
18299
18151
15483
20762
18853
16558
14944
20664
16791
17805
15514
16951
16604
17711
21123
18828
17860
17667
15844
15034
21158
19231
21419
20431
17382
25560
20437
18219
18107
15545
15392
20560
17116
17133
14498
21602
18484
19093
15420
15246
16772
19463
15512
22929
15327
17217
15361
14237
15355
14511
15254
17324
18438
18944
15864
21598
17737
17277
22042
21852
18563
17250
21405
14046
19504
19964
15195
17016
17239
23802
14806
15740
21092
18067
15801
21475
14960
15117
14997
17057
16927
21709
14852
17067
17347
19454
23407
15112
15960
14351
17514
18044
19070
16888
20084
15346
15030
20205
22826
19854
19467
16596
16404
13877
15253
16100
14386
22205
15101
15300
14921
15299
20103
19320
16499
18870
15584
15548
18907
19409
18057
17051
18806
17438
17403
18375
16217
18702
15915
18450
14986
18153
19385
17488
17597
15377
21668
17130
17027
17008
17724
20342
15408
16075
15721
17682
15253
15218
14895
15831
16324
16618
17460
16766
18981
16587
15129
18247
15282
15730
15701
14553
16752
15922
17558
18023
18065
15242
22423
18947
21494
15552
14532
15652
17861
19024
22608
20352
19839
22128
18191
17708
19913
13946
17338
17070
20899
21231
15898
16468
22619
14973
16989
24354
17565
18462
20071
19166
16520
15639
18787
16320
21327
15346
17813
23124
16361
20638
18196
18130
15058
21072
18268
17802
15406
15275
15189
20224
18457
20240
16025
20095
18544
18630
21821
17226
19870
15354
15155
16559
20033
15435
22305
15024
13783
15417
14095
23338
13538
13174
17148
20131
22353
21488
14999
19248
19179
17343
20304
19291
18443
18590
17344
16803
24071
18196
16910
16996
18925
17992
17878
20719
21079
15641
17481
21448
19691
15326
18027
16042
15218
18952
16742
20297
15480
16939
15129
17250
21184
15490
22592
20499
19121
18436
14952
17613
14957
13810
14886
21284
20917
20881
21923
18334
17114
20127
18779
17900
15405
15577
15462
19337
15468
16660
16433
16592
18068
17609
15494
29125
17459
17062
17231
22480
15857
15825
19494
20476
13933
14451
20530
22497
18165
17468
18524
22104
15194
14404
16887
15255
22270
21073
19699
19746
22313
15157
20978
16885
13437
21902
15041
23125
13963
14196
21994
17839
14153
15280
16239
18905
21668
17280
17259
16682
14560
18551
16074
15604
15131
15576
18180
23253
18903
17465
18461
20149
15330
15403
20567
20131
14200
15092
19653
17701
15575
17420
17210
16782
16618
21770
16056
15347
20267
14896
17434
16752
19282
20603
15007
20750
15287
22473
15639
18216
18492
18054
14308
15029
15001
15300
20630
20361
22342
22574
15037
17445
14844
21902
18157
21262
17452
18794
22416
16649
17228
19301
20991
20794
14782
14199
14929
14617
18321
14472
15525
21124
22420
15339
14815
18603
15338
21621
15436
16948
23854
18715
23933
22517
15183
15516
14611
20590
14945
14912
16635
21085
21224
20249
15077
21528
15687
20394
19535
19028
15014
19527
18052
20231
20380
22878
15212
16557
17231
13705
20554
18631
17163
18636
16699
18326
17603
21872
14987
17632
20662
19841
15289
15569
17519
14794
14089
23415
14548
18545
19057
19463
18132
14947
22084
21499
17337
14491
13538
19349
18524
22520
14855
23052
20741
15560
15180
20593
19930
15071
15723
16294
16906
14103
15882
20036
19636
15156
14198
16365
15362
16838
13743
21297
16649
15805
21328
19919
17761
19159
15107
20036
15206
13893
14503
17948
21183
18678
20416
16604
21643
15720
15558
20415
15508
15356
13936
22597
15290
18800
15398
17883
21022
18152
17721
19674
19439
15324
18521
16804
17833
19301
16196
20950
22350
21790
20796
18091
14999
15797
14335
19136
15359
16451
15005
16962
22906
15582
14669
20519
14247
15663
20261
22234
17317
22303
18676
22592
18229
18401
22499
16491
18798
16734
15533
20609
13801
14512
15694
19084
19854
18186
17158
20100
22450
15251
18586
20070
17727
20606
17816
20458
22730
17647
17143
19117
17185
15513
15564
16938
16083
14060
22458
19435
17951
15193
14191
15724
15277
21833
15026
20121
21179
17476
19225
19523
15376
16703
17272
15035
16235
18852
14561
18173
13737
14703
18672
22635
18146
23115
13816
18144
15393
15751
20886
20467
17122
19279
20494
21212
16519
14867
16960
22365
15000
13950
19034
16579
18407
14800
22274
16994
18030
15208
16900
22914
15928
19762
20064
15493
18069
15695
15679
21038
22982
17498
16892
18260
15205
18557
14959
18500
15495
15244
17332
20859
18444
17792
15374
16481
17068
19039
17379
17344
21887
17748
14725
15295
18305
15804
16795
14935
18113
15943
18658
16141
18700
21570
18044
19820
14159
17009
14932
21416
15025
15154
14874
19317
15548
20673
15625
18839
15120
19120
17789
15157
17719
20802
14975
16637
18395
23405
15330
20969
17745
15726
21028
18668
22369
15510
21375
19644
15218
14945
14133
17847
18108
17850
14893
14610
18748
23839
18264
19865
18802
18873
17418
22787
14861
21865
14985
15242
13773
21935
17409
15968
17422
18022
18613
17091
21988
15280
15120
18174
14700
16486
14167
16570
13979
13680
18360
19000
15361
14804
16997
15355
19035
18663
22283
20664
15495
15223
18196
22547
22198
17959
16805
15649
15387
22654
17921
23539
13707
14198
20631
19446
15855
15305
17875
14485
19407
17844
16456
16779
18360
14927
14870
18346
13991
13871
15268
19487
25206
16723
15006
18718
18315
19726
15292
16946
20841
16635
19142
15898
24096
18490
14859
20644
16975
18884
19659
20225
15497
15047
21864
18225
16890
14812
14512
15219
15129
15540
15481
17881
19437
17490
15051
20456
17914
18416
22766
19598
22774
15313
15319
17930
18855
16613
18324
18508
15141
20782
17801
22404
22585
13882
15187
16619
22289
23035
15201
20810
15216
14826
16652
20056
19367
21671
19601
15767
15285
13948
17226
16895
17572
19387
15522
20880
13885
16045
15820
18741
15376
16972
17908
22212
15515
15031
20974
16099
14288
15317
14453
22832
14178
16522
16745
21160
20214
17942
22191
18824
21904
15515
17219
17388
15166
16611
17733
17245
22924
19321
20481
22078
18001
16490
15110
23007
14389
15234
23113
18255
21891
20880
13491
14588
17796
19982
19725
20167
15535
15479
15533
17356
17870
18052
22359
20199
23095
20555
15776
16402
19204
15336
15145
17679
16438
18260
17464
18252
14237
22371
20081
16861
18589
20607
19846
16892
18931
20196
17234
20385
15444
21936
15222
17094
15179
13700
17963
19707
18724
15269
22486
17639
17862
15130
15311
20105
17253
18402
15064
22732
15614
16425
15158
20281
18159
23056
23105
22515
17649
19175
21942
17240
15154
18845
14563
16371
19131
16060
22584
20402
15581
20716
14846
18476
14981
18009
16050
19364
14335
14338
15381
16571
17398
15737
20889
17269
14815
16631
18643
24195
14400
14267
20804
17861
20504
21403
14731
23220
22982
17990
17521
18747
18441
17453
14835
20374
16648
15424
17224
19940
15126
20710
22079
19482
15210
21013
20106
23538
15104
20528
18405
21868
18610
14497
22036
14192
14573
15367
15040
21216
15182
14944
17309
22057
15071
17390
14210
15599
20340
19741
20674
19503
13760
14762
14292
17037
19208
17508
17319
20022
14989
18286
15400
16615
23435
17783
16019
16461
15409
14927
23413
16158
19424
14673
14829
20601
16278
22721
17707
19333
16241
15354
22355
20034
15084
15452
14901
17255
15923
22720
17577
19024
14993
22140
19394
16747
15874
15331
18431
17360
15071
15103
15020
15836
20458
21620
16859
20243
20925
14943
14337
18351
18725
20158
19777
18505
15124
17642
17072
17578
16100
19625
22189
16971
19145
16735
18518
18219
15207
14965
16822
19618
15559
19963
16882
16416
16523
14945
18059
15890
21128
16762
15195
22557
14763
20956
20533
18993
19871
14921
14596
16879
17945
14452
15332
20130
22485
16435
17864
21356
15164
14823
22025
17749
14367
20501
14816
19230
17585
17640
15456
14555
18715
15369
20120
21997
23430
18305
20239
20266
15435
16484
13868
18635
14806
14559
22220
16642
19266
17019
18465
21839
19471
19438
21594
23681
14951
17076
15223
18194
15502
17061
18877
21358
18312
16690
14643
22820
15245
15855
20397
20789
19935
22769
20979
18882
17196
22614
21243
17888
15840
22656
18049
17227
19162
15684
20298
22281
18421
15715
14330
19272
21475
15382
19360
23452
18663
15401
14114
19768
19167
14899
15188
16732
15258
15264
22985
20590
16512
19576
18817
19739
23437
18268
18437
17359
19288
17468
18822
18069
15318
17613
15159
22220
15430
15218
15359
16826
20615
15793
14161
21094
14029
15575
20842
22076
14405
14850
15167
15183
14663
17913
20519
16723
16127
15429
14918
20556
15162
14912
19467
19523
21147
15291
14901
17195
13950
15178
15440
17817
18704
18373
15178
18595
14643
15578
15293
19980
15393
15187
19250
20518
15595
15185
22031
15879
15042
20910
15210
20044
16501
15724
18716
17588
18768
16871
19285
20010
20397
16466
15722
15068
14973
15519
15678
19543
17898
17963
16401
20159
17328
16179
18437
26034
15212
14489
16988
18612
17265
14942
17821
20426
20333
18203
15943
19506
17361
17922
17899
20890
17618
21222
18239
19655
15858
20149
18163
15589
16633
19138
18605
19810
17296
15149
15535
16126
14716
14833
27514
19035
22921
17579
18877
21617
21631
15695
18918
16665
16566
15722
17896
21990
15546
22801
15392
18258
15851
18825
17022
18283
15105
22996
15439
22824
16123
16448
18243
20453
22092
17389
25877
17004
22157
15079
16465
18217
16885
16047
18028
17576
23833
15905
18594
16923
18742
22266
15102
16760
18344
18780
18119
16405
19343
20626
17209
21048
17045
15626
20783
18056
15242
15969
15670
15961
18227
22125
17072
17575
17666
15585
19898
18836
18961
15601
17025
15298
18041
16664
14579
20232
14264
14206
16749
24847
23432
18061
16327
20217
19565
14976
23581
20188
22385
19337
19834
17921
21140
18446
15288
16449
15559
17108
14511
20134
15473
22657
22637
20068
21771
15164
15155
27049
18797
19679
20379
19015
15513
17491
17988
19070
19413
15342
19437
16821
22866
21058
14660
18358
14922
20790
19206
20383
16675
23443
18244
16773
20829
15603
46848
18111
19504
20664
22381
16677
24977
17765
16700
20004
15334
22270
18665
20032
15279
19669
18559
15854
22400
15865
15186
17161
19844
20211
14527
14343
19878
14054
16430
15493
15053
17811
17803
21503
15413
17208
13593
15186
14880
14511
15330
23453
16202
18390
21400
15641
18569
22369
15599
23455
15187
16753
18983
20080
15241
14575
18245
17582
16845
14077
15024
18279
15402
15110
16542
21759
14798
14931
14492
18549
14895
21164
16469
16329
17485
15456
22111
23042
15721
19982
18174
22308
15878
15678
15555
20985
20924
14855
21569
21071
20882
21349
16462
22502
17105
15271
19666
20954
15521
20590
15361
20328
17393
18607
14731
20277
18899
19557
17780
16778
15636
15074
15579
17123
19395
16022
20394
17789
18040
14561
14893
44458
17355
15056
15410
16893
15931
14811
14374
21529
14840
16218
15439
15783
14626
15786
15455
21316
18255
15327
22875
23380
18805
18149
19011
21726
17946
17965
19224
20466
15407
13568
14553
15927
15117
14234
45397
17000
17151
15591
14148
22120
21954
17640
15320
19407
22645
15217
15619
15284
15200
14781
19920
16510
15398
14947
15428
21480
17943
13174
14831
15602
17629
15071
14795
18714
15833
23943
14943
20265
15148
17257
21226
17348
15428
14069
14854
17752
17553
18240
21729
21598
15926
15111
17395
19770
17338
15241
16098
21220
15677
15465
22755
21522
18243
20628
18037
17312
21216
15837
14868
18517
17140
15388
15196
22521
17253
15011
17680
19549
18758
15406
15200
21479
15218
14708
13924
15797
16929
13638
15711
14724
15143
20847
15180
23275
15122
14628
14427
14166
21172
19101
15531
16660
24127
16124
20306
22164
22618
18846
13636
14851
15084
13785
19277
19486
22841
19936
18630
18302
17851
18928
20317
17887
22468
18964
15472
14960
20958
14770
14472
21361
14926
19678
15201
15581
15716
18879
19565
21217
18127
17863
19182
14956
18512
20018
19244
21611
15570
14520
15382
16791
20308
15518
14733
21533
17830
14531
15074
16284
22419
15487
13919
14638
15166
14961
16742
20144
15389
15748
23116
19889
17733
15009
14647
19938
17180
15327
26633
22737
15828
18970
18549
23271
18361
18047
17106
49019
18329
20241
16818
18924
15318
16070
20796
22428
15082
14667
14973
16259
17419
14401
15558
15096
23168
22448
14682
18584
14333
19441
17894
18913
15042
14857
15797
15152
18781
13368
23149
21192
17188
22453
15476
15764
17159
17071
13595
14254
15063
14730
15973
19318
19293
15592
17578
18273
20610
17048
16189
23414
16060
22322
21163
22479
15324
15653
24154
16862
23688
16757
18827
21018
48784
22924
18068
18640
20418
15597
16871
17471
21393
14959
19763
22394
22673
19084
14792
19610
17200
24558
15125
18795
20201
15274
25369
17268
24682
15689
15037
15309
19882
16434
13938
23130
17093
18881
21548
15228
16617
18421
19351
16533
20583
18745
17667
23332
19921
21435
18548
15570
22410
15274
14636
13814
15934
15233
14943
15528
21619
17533
21840
19332
17564
22642
20792
15853
19764
17748
14946
19074
19702
17474
17229
16810
20134
17060
16155
16383
20004
17641
19683
16546
21016
18751
18423
19185
18141
17877
21630
15951
16876
16279
19571
15233
17264
14834
13708
18082
16464
15632
14481
19070
18059
21619
17123
17664
18324
18123
22596
16102
20534
14345
17829
20328
18117
19112
17738
22802
18703
14389
15063
16636
20242
15169
14852
15009
20320
22834
15630
15307
21560
13449
15413
15040
15487
16764
19377
20009
18583
18590
14248
14913
15723
14249
17360
16450
16978
15874
21872
23356
21273
16541
19883
19369
22765
18334
18059
15237
18045
17200
17249
16425
17272
15880
17645
19056
22232
14532
19665
16949
20915
15231
20217
16965
18413
19708
19234
17512
17963
20470
20421
15410
22651
18687
18062
18286
22022
18248
19722
18206
17591
20071
17758
17159
18409
15159
22685
14999
17795
16909
14648
14949
19658
20244
15616
16042
19981
18752
17481
15229
22902
14952
20842
19606
17993
23151
14764
14929
15683
14987
17609
15703
21454
17994
15221
14984
16361
17317
18364
16932
15884
15567
20621
15164
23026
14931
18828
16851
16823
16021
13765
16314
19951
18501
16361
18738
19547
18074
13575
15024
21165
23319
17286
15589
19943
19958
15172
15248
20038
15327
19114
19115
22830
21201
17987
18193
15310
14854
21395
16751
20017
18124
13920
17086
20761
15497
17628
14222
15089
51742
14957
15893
15400
15159
20970
18821
25485
20825
14797
14298
15537
17656
16334
22927
17155
19833
18282
14984
23623
15149
15025
18773
22278
15460
14871
24045
18545
15405
15181
14118
16433
21012
16017
15024
20976
19438
21636
14804
16568
16921
14861
15610
16441
17844
18178
22599
19884
16709
21100
16758
23393
15703
17162
19910
21664
22159
15195
17806
21424
14343
19914
15345
18021
18994
19642
18371
22377
18176
20271
22011
16593
15488
19257
15062
20158
15300
22191
15333
15283
20736
15599
15422
15715
16319
