77242
31025
28319
41873
47648
44070
32599
41028
41798
31808
32600
42536
44193
42672
35540
29338
37108
30207
36681
27586
25724
30003
21921
23753
21420
27696
20852
18734
19826
18349
27324
24788
19781
20293
18144
16900
16369
16564
17152
18211
17696
19002
17997
17439
18943
17461
16508
16649
16529
24520
18781
16976
17721
16716
16796
16704
15922
18064
19927
17287
17353
17133
17516
18474
18427
22520
18070
16916
18612
16656
17340
17302
17408
24290
18040
17270
17950
16916
18621
17154
18265
23026
17703
17421
19565
18101
16683
17680
17161
15560
19184
17337
17340
17946
16525
20145
17453
19734
17253
16888
17043
18849
20776
24094
34659
24005
26300
32131
44989
40775
36839
37890
36904
38183
40378
30775
32953
32865
38809
35638
36809
36661
38488
40522
39383
32837
36727
34961
35889
37695
31303
40318
36317
29505
30633
30661
37820
32421
31351
39815
41307
42830
34723
42244
33791
42995
31502
40028
32969
35879
38217
40394
41568
38806
38604
40381
43319
36329
32204
37962
33075
31009
33601
30187
42333
33514
33177
33399
26929
33080
34693
35435
36762
39420
34296
35743
33857
34253
34004
35573
36368
62936
34130
35066
50852
40653
67320
40070
33517
46127
36748
35295
32479
35632
31768
28405
43750
60286
34683
31620
32192
30970
34599
52638
42401
35663
39315
55843
35048
56524
34814
35133
35168
55748
29861
57184
31514
33570
39299
32242
34131
43433
31957
31843
43042
26716
35379
35232
32850
28728
35532
32632
38667
31376
33768
30326
35443
34271
34724
34894
29655
37715
36704
37004
38255
36693
31289
39995
29607
38381
36008
31381
32770
39766
29875
33822
40643
34809
32412
29969
24710
36202
31468
30568
32294
24519
22033
27456
36159
30085
31748
60966
26940
30916
29377
36087
25646
27575
25801
45119
28508
27049
23319
19639
33351
25085
30401
24872
22673
25341
21971
22548
26248
22719
22024
20842
19490
19179
22545
21502
21260
21640
24706
19207
18033
21626
20725
18790
21600
16596
16401
16763
16207
22528
16728
17038
16689
16926
16486
18181
17623
22100
21566
16486
16451
16523
17027
16063
15830
22613
18508
17261
16451
17371
16831
19199
16712
19239
21977
17681
15547
16716
18654
16614
17166
19692
21619
17921
17245
17041
17336
16793
16584
18658
18814
16727
16453
18860
17121
18492
20933
23447
17616
16586
17721
16618
18889
17380
17840
17996
16584
16571
16344
16720
16950
16920
17561
22242
17395
16843
16286
18291
17218
17457
17197
22553
17068
19156
17471
18284
16834
17736
18497
18399
17267
17831
17129
16593
19298
17282
16328
21821
17009
16971
16552
17450
16819
16934
17470
22541
17536
18356
17404
17660
16576
18340
18038
22715
16840
16339
15700
16719
16241
15947
16651
18106
17156
19045
16488
17518
17358
16245
18724
36147
24751
24261
20716
21647
21556
21433
17845
17723
16390
26109
24013
23258
19961
22491
17253
16036
16686
17321
18697
18189
18314
18548
19704
16879
17063
16455
18270
17279
18755
16858
17406
16155
16762
17732
16189
17974
22469
20084
18893
18756
16681
17991
23740
18683
24090
18098
16016
16738
20358
17589
29952
33191
21010
24375
30080
27248
18132
28384
26202
20891
82504
45539
26580
29527
25598
25196
28182
30518
25061
21139
32359
29006
23697
23146
23170
20585
32103
25799
21205
21646
25605
22710
23333
27358
31833
21249
28165
22478
21537
20815
26054
21712
21961
25138
21302
23879
20902
21032
23948
20346
22463
21623
27610
24445
22229
21240
23403
22010
22116
21980
21003
20187
20391
31467
30156
21189
19761
25022
19847
26567
34261
26339
24671
20231
24059
20733
23597
23012
22701
20438
21815
20903
21839
19972
21322
20287
22775
21160
22902
20581
28293
22242
21444
22000
21622
21184
20036
22843
21681
20327
21281
22062
20492
20255
22729
20781
19689
23006
20952
21202
20618
22068
20965
19322
19769
23256
24357
20579
22355
40363
20421
21110
25274
21957
19864
22838
20883
22241
20981
21301
21127
22838
24747
20845
21243
22188
23305
22993
22728
21486
20192
19556
19920
20921
21390
20632
20649
23071
19789
18993
20023
20509
21877
22427
20970
33029
32520
22481
32255
26665
25716
22771
21159
23841
20593
19682
21141
23657
35463
26489
32573
35583
33422
34056
34105
35570
35885
32943
33796
27434
33568
33276
32259
32432
21417
33368
25617
23427
24264
22098
24016
22088
22903
21425
22601
32582
32321
27342
32506
26696
25220
25176
35116
28054
34807
25574
24191
22594
18600
23325
31497
22329
22118
22964
21437
20322
22638
21516
19287
21857
20099
18611
22128
20285
18527
21547
21688
20320
19807
26893
17839
17794
20449
35236
22783
24146
21817
17576
17604
21969
19478
29532
24219
17799
30107
17365
20144
20369
19785
26658
34808
110659
29271
31979
35331
28267
28747
27365
37865
34950
34939
33518
29395
29320
34447
34972
29108
33313
20555
20806
20804
18623
17663
21966
19040
21899
18478
20870
18395
18690
19282
20292
20306
16743
17153
17342
17041
25434
17540
21892
17390
16751
16583
28365
19669
22513
27520
50018
24100
32437
23545
30998
24304
22274
23869
22650
20958
18038
20605
17429
23123
17548
17655
22874
16057
17272
17229
16128
16809
16217
17194
18734
17665
18407
16341
16862
18370
17008
17679
17827
18273
17649
18250
17105
16985
16888
17840
22651
17035
16545
16541
22973
18578
16667
17493
16911
16940
17522
17826
20117
17655
17466
18017
17792
16687
23303
17218
17202
16376
15654
17522
18326
18219
17118
18803
17459
16896
16950
17973
21793
15461
17372
16844
17327
23762
19782
17251
22493
17201
17501
17813
16743
18497
16909
17637
20879
31119
17761
17063
18777
16880
19142
17315
17440
18458
17358
17152
17403
16727
17568
17248
24036
16668
18490
16468
19120
16958
16715
16349
20598
19318
17646
17296
16990
17083
23012
17670
22354
17665
16663
16834
16716
17614
16053
17662
22496
17259
17179
18095
17280
16874
18165
17380
21826
16456
16545
17339
18245
17083
17316
18005
22299
16856
16840
17810
18337
17131
17311
17522
17723
23742
16810
17283
16452
19119
17550
17229
22194
16439
18736
17518
18905
16934
15968
17821
23520
17011
16521
18438
16908
17088
17309
17164
17222
17020
16428
16310
16434
18278
17055
17348
22629
16392
16658
17681
16475
18389
17123
17646
17979
17184
16702
16795
17140
18373
17267
17182
22441
15582
17536
17147
17822
17486
16407
18331
22695
16973
16896
18332
16861
16839
18085
18396
19925
18464
16513
17472
17610
16747
19786
17280
18093
18734
18364
15395
22746
18484
16803
17258
17355
17248
16894
16304
18302
16647
16787
17131
22231
15346
16477
18506
16383
16029
16783
17229
17842
16605
18320
16766
15792
16381
16951
16507
17657
18234
17186
16598
16856
17158
17139
16579
18216
15793
16275
18071
16323
18260
16615
16919
19179
17665
17300
17274
17566
16835
18963
17093
22565
16000
16259
16832
16131
18582
17214
17168
17742
16798
15955
16473
16154
18267
15772
17589
22244
17356
16626
17596
16729
16480
18520
18196
17977
16936
16351
15766
16252
19817
17378
16399
18604
17231
16806
16676
18371
16848
17427
16874
22184
18415
17389
17074
18748
17330
19446
17854
23992
16427
16066
16428
16414
17184
18441
17377
22439
18752
16502
16450
17192
18051
18316
18759
20729
17601
16758
18130
17400
17098
16004
17999
18562
16732
18113
19203
18746
17041
16453
18288
24536
17465
16397
18475
17182
17712
17431
16721
22668
16852
20053
16688
15028
16582
15601
17181
17474
17346
16548
18826
17163
17049
17896
17288
22707
16585
17823
18178
19484
16785
17363
17705
22434
17515
17445
17324
16356
16815
17072
17397
22862
18013
17535
17240
17956
16641
16658
19011
23244
17060
16673
17204
17244
16963
17678
17825
18680
21025
17134
16926
16363
23734
16993
15792
18088
17256
16921
16961
17004
18313
17130
17349
22309
17130
15729
16340
16291
18177
17172
17212
17885
18770
17276
16833
17570
16580
16879
17611
18630
16892
16380
16410
18357
22930
16717
17994
17361
18705
16904
18531
18343
16776
16784
18136
22894
19275
17231
17530
16642
16473
16831
17949
19498
18490
17137
17075
16577
20872
17081
17301
21821
16463
16956
17265
17450
16507
16810
16132
23598
16651
17585
17169
16902
22933
18323
17678
21892
16563
17430
18554
18366
17438
18987
17540
22555
17245
16138
16469
16815
16952
16490
19810
22536
18622
16925
16558
17733
15845
17230
17185
18056
16191
18788
17032
15574
16234
16066
17189
22142
18176
20582
17154
17291
16470
18388
17919
18101
16070
18478
18213
17764
16783
16932
17863
17982
17282
16697
17465
16006
17058
16721
17242
18079
17890
16719
16525
16587
16462
17175
16969
22602
17026
18043
17899
17470
17003
16412
16816
22600
17089
18445
16839
17223
17023
17772
17409
22815
16599
16669
17724
17722
16685
17144
18834
18936
17149
18652
17731
17075
16966
15981
17260
22775
16295
15978
18207
16954
16641
16536
17127
21829
17794
18757
20486
17237
17379
17558
18054
16893
17669
15633
16384
16044
18984
17095
18375
17631
18288
18170
16836
16648
17167
19022
22567
17753
16828
16083
17838
17191
17135
17078
17722
19189
17534
17056
16570
16557
18140
17165
23732
17658
16521
15980
15809
15934
18472
17268
18439
18398
17158
17334
16837
16493
17591
17113
18042
17726
18735
17316
17525
17101
16990
18197
22427
19656
16864
16612
17116
17348
16318
21641
29347
23860
25158
33772
23478
17421
21385
16738
18427
17514
17428
19161
17211
17167
17042
16340
17909
17360
16731
15394
20534
19837
16686
17673
19267
18397
16961
17335
16183
16401
16767
17438
24403
17728
16452
17374
16290
17413
16302
16168
18556
17640
16904
17577
18759
17682
16497
17586
23070
16338
16604
18979
16580
18555
19004
19941
20762
18680
16604
16329
21973
16587
16834
17123
18731
28767
16978
16923
16422
17143
17775
17133
18721
17517
16970
17963
16965
17750
17199
16185
21871
15893
17027
16764
17959
17092
16745
16965
21970
18701
17098
19718
17083
17828
16752
17373
23861
18243
17241
20558
16420
18549
16300
16621
17926
17782
18563
18069
16900
17275
16579
18594
17945
18261
16233
18354
15360
16693
21537
17559
19578
17492
16858
16942
16589
19329
16870
16435
22373
17226
16487
16818
18387
17390
16753
17150
21685
17491
17136
19048
17164
16511
16690
16608
18181
17210
16523
16187
18331
16420
17335
20679
34775
29161
18922
17290
17798
17264
19617
17929
19308
18160
17086
17367
17302
16032
17568
18239
21938
17156
16730
16290
15463
16307
16709
15589
17923
17605
16761
16988
17907
18864
17857
17603
22172
18084
17247
16829
16421
17945
17101
19022
23054
21413
15977
17837
17638
17455
17631
17798
22397
17094
17032
18618
16565
18259
16679
16429
21469
16368
17045
16854
17839
17088
16698
17408
22478
19695
16546
15163
16084
16854
16288
19454
18805
17871
16482
16560
16710
18282
16288
16123
22295
19644
17256
17431
18588
19362
17872
17943
18260
18251
16404
23269
17278
18741
17724
18007
22046
16909
18214
16596
19997
17730
17161
17332
22570
17326
17001
18433
16884
17331
17455
16757
18163
17638
18895
17108
17154
17197
17135
17354
22876
19582
16980
19198
16258
15733
16651
16009
20156
36909
21908
17927
17208
18962
17166
17527
17630
17162
20633
16370
19932
16338
16962
17444
16617
17021
17035
17637
16819
21039
16653
16773
17102
17335
18702
17407
18377
17681
17174
18708
17959
16794
17524
17758
23470
16774
16888
17752
19144
17094
17575
17586
21831
17139
16912
18051
17147
16495
16967
17042
20744
17868
17042
18702
16033
17135
17128
16096
19139
16729
18323
17445
17277
18669
16867
17266
17982
18987
16829
17398
17167
16618
22674
17421
23151
18530
16963
17515
16714
16912
16924
16475
17738
17382
16222
17076
16865
16096
16911
17324
23181
16387
68742
18638
17136
20244
17629
17262
19686
18287
16880
18058
17217
17398
16704
18916
17726
17103
17436
17188
19562
17262
16876
17576
20897
18139
23618
17537
16595
16745
18310
17799
19124
16864
16507
17969
17328
16119
16749
17190
18299
17459
18770
17323
16537
19528
17574
22203
17571
21080
17116
17282
16844
17105
18799
16528
18086
17487
16486
17355
16847
16677
16925
19068
22452
17779
17356
17822
18726
16521
16509
17226
25691
17274
16608
19076
16561
16364
17478
17912
19271
16877
16761
16688
16405
16228
17070
16940
17799
15870
16662
16717
17368
16615
17391
17401
17823
16939
16622
18091
16615
17510
17805
15741
16834
19276
18601
17638
17051
16757
16592
17837
19079
17041
15291
18206
17195
18813
17054
17399
17662
17799
18443
17255
18495
16792
19540
17110
17973
16572
16693
17000
18124
17575
16644
17792
18075
17814
16411
17575
17119
16749
16687
16810
17210
18478
16752
19077
16525
15597
16762
17581
18276
16833
18089
18042
16709
16888
17298
18803
22036
17742
16806
18266
20596
17116
16662
17828
18318
18860
17149
16716
17457
16962
18554
15339
17547
16359
17082
18248
17042
17524
17463
16834
17585
16718
17050
17207
19127
16822
15958
15749
22689
16701
16991
19531
16238
15652
15164
17602
19763
17608
17918
18008
17614
16978
17282
16484
17755
17042
16853
18978
16704
16318
16427
17078
21013
17412
16120
21875
17595
22002
17150
17665
17954
17113
16893
24940
17500
19190
17382
17163
18060
18786
16559
18573
17022
16658
16681
17546
19159
17594
16351
18225
17223
19557
17348
18994
17231
17345
17088
17605
18246
17035
18872
16550
17963
16447
16579
17987
17829
16892
16853
18032
17870
16706
17507
17903
24970
18848
18763
18736
17995
17359
16498
19544
15484
18462
15407
17123
17737
24331
19097
20410
17088
19514
16764
22818
18399
16924
16709
17631
16713
17550
16600
17502
17304
16864
16608
16569
17097
17028
16722
18186
17821
19191
16631
17432
16265
16403
15696
17666
18152
15768
16676
17483
17311
16319
18633
17759
20149
15672
18560
17033
16600
17494
16816
18744
20995
17411
16089
17248
17366
16413
18338
16991
17299
16760
16213
20467
17556
17082
16678
16607
23520
17492
17323
17126
17183
16101
17120
19963
22159
17163
18037
16961
16598
16700
18544
17603
22197
16957
16310
19592
18450
17281
16643
16893
16942
17541
16862
19273
17810
18323
16818
17003
17766
16930
16647
16702
18636
16967
16313
18282
17984
17569
15044
17858
17305
17412
16804
18922
18809
17390
16817
17995
17666
17559
16623
16997
19067
17281
16374
18337
16819
18410
16232
18212
22755
17419
19922
17158
17922
16309
16826
19418
21512
18907
18069
17630
16650
17614
16895
17480
17355
16983
16944
17880
17518
16595
16630
17092
17580
17087
17603
18629
17957
16626
17390
16195
17442
16955
16677
16899
18312
16097
16098
17219
17790
17077
15321
17576
16153
15900
16471
17594
21421
21500
19331
17471
17009
18828
17247
21937
17426
19715
17376
17220
17570
17516
17177
17029
22314
17604
18389
17120
16896
16700
16494
16982
18390
16965
16968
17147
23634
16816
17143
16993
17693
16645
16616
18120
16670
16840
17154
16692
18005
18612
16169
17772
16591
17230
17346
17086
17697
17314
18168
17209
16577
17284
18004
18770
17161
17253
16908
17281
18940
17254
16326
17625
22750
17414
17336
16991
17002
18026
16474
17068
21656
16446
18049
16868
16886
18015
16785
16858
17527
15900
16648
18212
17228
18463
16588
16207
21196
17630
16887
17275
17313
17541
17084
18424
17958
17596
16409
17691
16993
18914
16622
18204
19284
17270
17001
17393
17259
18206
18217
18400
17999
19082
16802
16488
17104
17295
17130
18058
17574
18298
17238
17617
16680
19614
16324
18711
17846
16800
16804
17575
18883
17602
17465
17048
17193
16781
16725
18153
17021
16986
17341
17863
21686
17206
18212
17100
18998
17282
18023
18654
17838
15609
16623
17559
16603
16543
15901
16663
22532
17521
16757
17422
17107
17034
17359
17665
22513
17476
15903
17158
17278
17194
18052
16326
17595
16813
16040
18719
16253
17648
16878
17421
21957
17140
18596
17031
17513
15414
16974
16346
17562
18874
17436
17367
17329
16306
17881
16834
17023
16730
16447
17739
17187
18452
18055
16970
18673
17635
18667
16625
18783
16439
16527
16513
17210
15275
16287
19353
17349
16560
17022
17216
22533
17369
16524
17358
15356
16581
16805
16493
18122
16843
16668
17212
17679
15675
15414
17807
27678
18090
16705
16747
17275
17122
17800
16664
17142
17321
17199
17506
18561
17409
17090
17106
17833
22925
17031
18599
16457
16314
16402
16534
19277
17589
16707
17228
15633
16481
16603
16430
20145
17231
17433
17473
16244
16294
17910
16513
17855
17836
17024
16935
16958
16753
16723
17349
17954
17102
18235
17718
18753
16851
16951
17675
17882
16604
16754
19150
16407
15994
16638
17905
17617
17246
16885
17767
18293
17512
17679
15469
16531
17085
16122
17097
16658
17433
17455
17308
16730
16755
17445
16403
16707
16753
17578
18868
17435
16813
15696
16946
15331
16798
23208
16531
16331
15048
16566
18516
16622
16887
17712
15802
16726
16434
15822
17122
16964
16666
16910
17289
16021
16437
16265
16412
16416
20692
17622
16762
17113
16536
17478
17047
16785
18603
22266
16834
17269
18851
18053
16475
16753
17130
18908
17349
17512
17019
16599
17819
16630
17476
18158
18890
16684
17225
16798
16879
19236
17011
21720
16949
18659
18646
17206
19153
17017
16080
22290
17042
19735
18021
16850
16645
16637
16973
17426
15569
16307
16778
17118
16392
17159
17263
22182
16712
16709
17768
16434
17309
18480
17888
18379
17011
16472
17384
16616
17094
16822
17877
22537
24422
17191
17160
16735
20302
17892
17656
17362
16619
16851
17271
16801
17154
23362
17352
16625
18120
16945
17497
16799
16980
18676
18356
17309
17876
16639
16572
18551
15417
22551
17163
19605
19136
16331
16936
17654
17132
23837
16823
17055
17426
17021
15883
15636
17290
23848
16989
17149
17876
17484
16731
18321
16757
18923
16306
16755
17695
16156
17002
16627
16748
18040
15554
15803
16862
18429
17794
17172
16496
22331
16030
15270
19321
17050
16517
16421
16076
24119
17086
19304
16783
17169
17344
16682
17330
22725
17739
16810
18108
15587
16877
17110
18419
23021
18348
16969
17866
16859
16182
18879
16927
19143
17272
17162
18217
18508
18039
16535
17608
21910
15978
15505
19360
17569
18757
16402
14641
21606
16685
15412
17286
18950
17586
14737
16966
17787
17019
17170
19520
16980
16854
17920
17696
22554
16435
16552
17767
16598
17025
17376
18313
18603
16549
17279
18214
18473
16971
18350
17046
18192
16784
16151
19484
16720
16192
15519
18069
24178
17188
16919
17246
16910
16867
17320
16537
22240
19994
19688
17104
17249
17678
17175
16995
17679
16788
17899
17440
17507
17053
17203
16242
17936
18501
16252
17108
16750
17903
17474
17613
18767
16821
18667
17554
16934
16912
15755
17959
23970
16097
16724
17585
17944
17683
17157
17318
21949
21155
18355
17442
21960
19253
16774
17862
26277
17104
17579
22608
17917
17599
18682
21759
19691
17869
18956
18001
17127
20404
18397
17986
19091
31507
22780
18156
19072
17305
17042
17186
18235
19227
17035
19891
16782
20864
21319
18120
22073
16565
20177
19289
19158
19265
17802
19003
16825
20015
20104
16898
17682
17552
17115
18294
19440
16771
24136
17126
16074
18599
16799
17602
19091
18022
18887
18296
17317
17908
16948
20753
17104
16404
16903
17310
17719
17407
16401
19560
17237
17400
17466
18085
18276
16732
17212
21579
17695
17407
17185
19106
17410
17202
17113
18324
17226
17778
18400
17086
17137
17212
16744
21329
17782
16001
17274
17107
16573
16864
18589
20683
17464
17003
16661
19028
17142
14988
16119
18343
16788
17049
18049
28611
20498
17571
19060
19036
17117
17114
17757
16879
17801
18366
16549
18446
17245
17444
16264
22432
17973
17403
17762
17910
17228
18258
17731
16266
17157
18061
18594
21520
17001
17115
16947
17480
16697
20067
17524
22026
16966
15297
17564
17104
18617
22128
18042
21245
17122
17146
17808
17510
17363
16386
16796
22596
19069
16887
16221
16999
17199
17348
16797
18519
15222
17059
17820
17032
17128
16901
16958
17446
17667
17396
16851
17754
17144
16774
17584
20222
16434
16857
18502
17137
16097
21722
17074
23583
18207
17204
16637
17407
18198
17183
17401
20294
16394
17118
16603
17631
17115
17907
16951
17972
17163
16376
16605
17706
18680
17191
17755
17646
17004
17333
16400
17142
17711
15726
16538
18068
17802
16928
18321
17797
19844
17768
16435
17968
16749
16500
19844
18635
17738
16680
16395
21256
16809
16995
16919
17443
17110
18459
17028
23598
16770
16717
19359
16939
16431
16832
16926
17686
15601
17710
15915
17147
17304
16340
16122
17495
17010
17731
16375
16566
17100
18502
17168
20102
17453
16464
17028
16984
16882
16753
18612
24146
17095
16720
16304
16534
16990
18168
18112
22125
16871
16253
20155
18302
15987
17125
16457
18116
17752
16076
17115
17223
16191
17018
20447
21227
18762
17480
17453
16940
18299
29723
17823
17659
16546
17134
17155
18070
17004
17510
17042
17653
18410
17558
18612
16794
16398
16797
18748
17841
17284
17251
16824
17393
18268
16697
15380
19017
16313
16953
16879
16271
16799
15922
16444
18062
16915
17049
19131
15961
17390
16900
16549
17895
20212
16795
17416
17035
17641
17062
18968
17313
16409
16784
17083
18909
17175
16462
17062
17353
17320
16858
17097
16727
18221
17120
16815
20530
17252
16069
16460
16553
16594
16819
19398
21911
17481
16965
18754
16949
16485
16450
17353
17825
17224
16698
17585
17421
19935
16278
16964
25111
16400
18331
17166
17411
18019
16875
18817
17808
16326
16696
17151
16325
16540
18785
16959
27765
17281
17705
17470
31071
17980
16836
18354
18025
17949
15885
16700
17246
16973
18633
18810
18556
18173
17039
19703
16929
17324
17456
17314
19644
17230
16669
16844
18099
18142
16978
18615
21492
16430
15378
16282
19151
17355
19087
16379
17769
17526
16395
16725
16980
16714
16606
18554
16566
16716
17830
16477
17161
16786
17523
16586
17063
16968
16811
17102
16879
16888
16761
17590
16881
17312
17832
17290
16684
17458
16699
16785
23590
18290
16749
15039
16053
17219
17578
17587
17620
16058
17815
16570
18641
17362
16972
16665
20469
18880
16845
16909
17138
18532
17921
16953
17777
17752
16593
17389
16985
17542
17489
16310
24895
16834
17166
17359
17094
16820
17878
16149
22969
18341
16852
15457
15665
15694
16340
17269
21972
17127
20854
18900
16414
16931
17255
22574
22486
16744
18343
16477
17266
17481
16251
15236
16746
15134
16910
18159
16563
17051
16901
17162
17026
16564
18812
16800
16257
17257
16902
16220
22354
18777
17024
20628
17566
18086
16570
16524
24263
16882
17990
16350
16810
18240
17281
15209
20926
16251
16938
16223
16812
17616
16630
16916
21148
19761
16438
17531
16541
17738
17216
17523
20111
34165
19053
16325
18867
18040
17829
18444
17988
18496
16571
17464
17631
16934
16032
17003
17006
17103
17076
17163
17813
17887
17140
18868
18174
16921
16497
16541
17456
16895
16839
16713
16441
15618
16293
16260
18571
16500
16707
18935
17538
16657
15604
16791
19761
16649
17134
16351
16977
18111
16954
17131
16955
17365
20485
19528
16556
17309
18862
17197
17699
17228
16700
17550
17095
17698
16487
16250
17295
17272
16396
15896
16420
16656
18186
16944
17281
17536
17184
17623
18429
16875
18041
16366
16606
16786
16358
16987
16715
18138
17004
17029
16175
17491
16881
16838
17884
16361
17846
16427
16386
17085
16371
17037
16747
17105
16814
16239
16831
17581
22156
20613
21021
16225
17554
17192
17110
17297
18307
18406
21210
20399
16265
18993
17316
17158
18471
17484
17191
17069
17174
16689
16708
16978
17417
16603
19186
17009
16384
16394
16791
15921
19609
16870
15994
16060
15924
16117
17792
18099
17114
16652
17697
17379
16902
16668
19150
17790
17361
16292
16306
18308
17080
17087
17666
17783
17326
18635
16903
16582
17334
17193
16244
17214
17362
17442
16383
16947
17455
18868
17373
18561
16807
17244
17274
17669
18363
17561
16659
18575
16429
18946
17003
17018
17989
17518
17119
17133
18554
16906
16934
17524
17222
16403
17690
18909
16754
17610
15943
17130
16851
16864
17244
16717
16793
16073
16381
16178
16754
15907
17130
18540
17643
17136
16392
19088
17478
16516
17355
17270
17371
17194
19129
15757
16889
16681
17979
17140
17236
17323
17764
17093
16872
16972
16477
17205
17131
16629
17196
18370
17752
18324
39322
18387
19680
16812
16935
16399
16471
17189
16399
16581
16048
17334
16764
16579
20107
17333
20475
18374
17590
17418
16702
17235
18813
16914
16620
19451
17059
16378
16146
18217
16874
18910
17355
16453
20636
16820
17838
17911
17357
17800
16016
17464
17181
21389
22322
17411
19097
17690
16767
18183
17812
17097
16781
16809
16506
15981
17997
17008
16813
16735
18885
16103
15960
17475
16641
17054
17444
17344
17161
16833
16455
22680
16065
16721
18649
17206
16956
15936
16324
17180
23041
17533
17482
17232
17701
16627
18288
16737
16833
16395
17315
17968
17395
16287
16885
16442
19752
17133
16521
16885
15498
18664
18019
16555
16998
16595
18299
16465
16768
18350
16799
16521
15766
18061
17240
17310
17960
16273
16724
16828
17136
17070
16826
16466
18412
16931
19029
17607
16846
16555
16063
18836
17808
16565
16475
16486
15443
17602
18480
18314
18542
16002
17567
16539
17059
17642
17564
15741
17490
16978
17069
16316
22160
16350
17261
19643
17367
18569
16981
18312
16928
17459
17509
15147
18513
17646
19015
16828
18121
17051
18031
17982
16369
17217
16235
16491
16055
17271
18251
17019
16335
17041
16651
16823
16496
17340
17230
17097
18067
16943
15433
16353
16413
17116
16931
18158
16900
18716
17804
17149
16682
17712
18580
17349
17744
17106
17138
19152
16236
17024
17343
16861
16645
17091
16661
16957
16881
16790
17118
17741
17835
17016
16657
17291
17657
18656
16956
16416
17319
17178
19213
17212
17788
21684
18067
18352
17751
17647
17188
17130
18460
17317
18062
17697
15910
16965
17077
15474
16946
17720
16745
16650
17127
17107
18161
16281
17670
15868
17325
18496
17281
18356
16907
16922
17920
17060
18416
16692
17359
16791
18276
16883
16767
20146
16791
17044
16830
16943
19388
18672
19274
16364
17021
17858
17349
16624
16705
15872
17006
15689
16109
17130
17859
16958
18456
16880
15280
16662
16629
17082
16997
23697
16382
18227
17253
16533
18055
17512
16137
17159
17478
16167
17128
17402
16216
16555
18428
17585
17603
18268
16739
15190
16525
17925
19934
17017
17356
16753
18118
16545
18141
19678
19723
16531
16615
16175
18409
16917
17507
17263
16452
16952
16795
16139
16301
17264
17427
17602
16582
22178
17477
16042
15569
18391
17336
16468
17773
16880
18598
16584
17110
16520
16712
16885
16949
18387
16392
16182
16558
16303
15066
16178
16876
17444
17206
16588
16648
18974
16987
16148
18072
17403
15818
16996
16350
18029
16836
16694
16102
18907
18419
16759
16724
17505
17325
16795
18301
16747
17101
16867
17444
17687
16799
17395
17437
16316
17183
17273
17256
16300
16815
16365
18410
16435
18121
16493
16363
17280
16333
16816
17401
24240
17837
17841
16438
16336
18164
17624
17441
17555
17159
18933
17081
17107
17252
17604
16423
16083
16271
16681
16558
16841
15633
16054
16257
16302
20441
21954
17344
17939
17709
16294
16737
16447
18396
16728
16446
17179
16865
15577
16754
16427
20029
17950
17526
17144
18537
17885
17075
17049
16520
16953
15678
17655
16436
18356
17105
17866
16696
16265
18482
17619
16500
17550
17665
18990
17438
17431
16634
16570
16773
17751
17713
16637
16548
16696
16871
16796
18195
16817
17382
17402
18717
16493
18448
16407
17237
16474
17720
19616
16335
17092
16981
16961
15988
20821
21361
17480
19274
16114
17362
17150
16739
18131
17012
18658
16840
16969
17172
16507
18388
16393
17281
18222
16721
17932
16697
16026
16635
17139
16844
16901
18721
16692
18442
16941
17319
17395
17069
19338
17775
16662
16125
19413
17393
17363
16827
17338
17564
15871
25361
17250
16162
18448
16280
18848
17512
17812
19267
17038
18328
17228
17029
16499
16658
18689
17485
18497
16529
16654
16666
16488
17054
17002
18620
17108
17279
16868
17094
20101
16729
16089
16008
16941
19921
17331
17824
18309
16421
15923
16771
17272
16676
17600
16588
17293
18986
17059
17726
16684
16704
16911
17464
18338
17742
17554
18116
16889
16861
17844
18730
16617
17040
17199
16556
16279
17187
17958
17108
15933
16718
16178
16392
16946
17733
17850
17073
16990
16315
16024
16968
16464
17156
18572
17421
17265
20101
17613
17982
16598
16433
17380
16757
31199
17269
18312
17407
16044
18109
16861
19396
17067
16790
17262
16840
15776
16804
18515
16326
16639
17341
15442
18871
16377
14676
16643
16426
17539
17420
18916
17134
16247
16787
17730
17752
16520
20320
18014
17210
17385
16787
18710
16628
17173
16505
17481
18363
17231
16142
18201
24757
18944
16653
16645
16590
18049
17010
19274
16403
21362
16561
17628
16247
17082
16976
17297
16415
15949
15109
16452
16587
17093
17605
16960
16646
16617
16505
17621
17679
16229
16131
16666
17223
16359
16745
15829
16836
16428
16981
17597
19009
16626
16097
16751
15672
18217
16738
17119
18664
16486
17445
16185
16344
16551
15552
24478
42452
28490
19256
22149
17822
17690
17403
16957
17522
16816
16972
17517
18580
17733
17058
17927
17700
16899
17196
17843
17625
18799
17691
16532
17215
17535
17578
16933
16325
16872
16610
16354
17070
16363
17249
16977
16704
17687
16893
16567
18710
16217
16405
16794
17464
18054
16982
17622
18524
17052
17326
17002
16269
19094
18813
17013
17058
17554
15686
17087
16878
17715
18121
18547
16980
17498
17041
17789
16677
16412
16227
16108
17305
16961
16879
17578
19218
16443
17324
16929
17422
16652
15146
17218
23795
17255
18149
16808
17325
16414
17157
17315
16843
16104
18082
18555
16956
19474
16777
16789
17295
17087
17162
17822
16950
17064
18040
18066
17425
16827
16508
15636
15634
17279
17423
18770
16400
16066
16675
16853
18166
17552
17682
17204
19926
17335
17122
17018
17905
16782
16937
17335
17800
18855
16589
16816
17315
15890
16321
16656
16637
18048
15850
16205
16788
17194
17667
15640
16575
16211
18031
16093
16264
16632
16589
22046
16876
18652
16937
16133
16973
18731
16390
16476
15071
16754
18566
16051
16878
17296
17772
15961
16533
17138
16958
16185
18429
16599
17235
18880
18221
15938
17266
17245
17948
27957
16684
19039
16807
17015
16725
18444
16476
15646
17800
16702
16129
17224
16719
16553
17918
17484
17286
16218
23564
16257
15660
18399
16493
15212
16764
16424
16963
18373
17364
17822
18354
16946
16504
17935
16589
21751
17390
16250
32876
19166
16690
16765
16419
17127
17690
16916
19201
16958
17306
17002
18719
17240
16754
15440
16394
19144
16587
16745
16621
17663
16988
16599
18323
17031
16960
17990
17536
16968
17079
17383
18440
17058
17269
16698
21004
17403
16268
17248
17315
18724
16774
17002
16701
17020
16104
16838
14764
17416
16375
17218
17291
17612
16866
16473
17127
16918
19179
17233
16555
17618
17175
16989
15560
19372
16616
18207
16641
17108
18753
16485
16835
16637
17808
16736
17087
19070
19939
18464
17627
19087
17153
16896
17314
17525
16605
17197
17197
17542
17256
17472
16732
16499
16121
16178
15969
17373
17845
16442
15286
16743
16712
16744
16964
17353
19008
15980
16186
16266
16943
17403
17013
15166
17358
17225
16931
16843
20825
16750
16799
17109
17116
18107
17187
17751
16043
18237
16647
16672
15835
16776
16551
17509
16563
16913
16863
17806
19058
17159
17415
18345
17157
18217
16278
16920
16892
18143
17540
18905
16836
17242
16702
16764
18709
16690
17124
16613
16094
18112
16222
18685
17863
17872
17410
16901
18922
17325
16863
16959
16622
19803
17441
16390
16622
16033
16991
17664
16594
16276
16531
15389
16203
16964
16352
19028
16590
16281
16126
17045
17354
17403
16357
18400
17333
16487
17875
16808
16495
17982
18204
16697
17286
15969
16652
16697
14762
16253
16382
24803
18981
19667
16934
16735
17551
17096
23545
16171
17175
16905
17138
16889
15250
17749
16168
17060
17201
17017
16505
17955
17186
17426
16699
17340
17383
19417
18662
18791
17467
16363
16298
17917
17647
15464
16447
17322
18793
17298
17340
17152
16749
16804
16625
17050
16778
18076
16718
17874
16664
16932
18519
17186
16668
16618
17868
16555
16696
16327
16816
17314
16731
16443
17184
17018
17358
16887
16193
18153
17593
18048
17680
16413
21738
16763
17213
16555
18531
17175
17073
17109
16482
16950
16983
16401
16712
20726
15550
16419
16892
17230
18707
16344
17208
17349
18509
19387
16557
17946
17458
16463
17708
16803
19028
17015
16902
16320
16323
15613
16061
17886
16314
17133
16853
16966
16136
17171
18505
16671
16324
16913
17508
18426
16564
16600
17613
17068
16127
16309
18125
16095
16458
16075
16056
15909
16669
17913
17158
17533
16679
16563
18456
16134
17192
17617
23714
17602
17848
16554
16548
17741
16646
16254
16643
17582
16943
17259
18378
17216
17581
16461
16896
17001
17442
18642
16535
16811
16664
17296
17339
17360
17618
16479
17311
16896
17083
16695
16727
16251
17102
16633
17688
17055
17663
16100
19800
19159
16804
17159
16367
19352
17747
16747
16603
16248
16593
17673
16176
16953
29326
22752
18244
28888
50168
17104
18149
19238
31256
22625
25945
25687
56222
28821
28960
27636
18665
30633
30974
22988
22258
17676
16418
16544
17430
18728
19355
17148
17118
17015
16277
18176
17152
19225
15531
16779
16747
16945
19196
17852
16419
18113
17247
16938
16838
16485
17532
16336
17498
17813
17250
17886
18463
16703
17477
17413
16176
17218
17138
17695
25047
17274
17403
17040
17092
16797
17578
15718
16604
17883
17909
16317
17635
18491
16545
16555
17362
17040
19536
16308
16124
16138
17141
18512
16963
16873
16578
17229
15991
16915
17747
14935
15854
17120
18348
16639
17432
18201
19064
15734
15491
16425
17370
16783
16440
17050
16467
15804
18247
17333
16985
16855
15155
17943
16449
16109
16831
17717
16973
18033
16976
16366
18463
16789
17258
16897
16454
16154
16695
17290
16161
18641
17272
16423
16598
15959
19638
17014
19310
16998
18094
16906
18284
16197
17249
16952
16465
18831
16681
17317
17236
16488
18786
18000
19174
16917
16254
17617
17739
16710
15210
17163
17401
18353
17317
17230
16798
16941
16019
16468
19669
15475
16516
16430
16572
14933
16152
16263
18204
16283
17057
17408
21100
15334
16515
17469
16969
18387
16563
17309
16766
16534
19526
16922
16559
16365
16276
19406
17381
16470
17230
16348
15525
16283
16506
18013
17761
17339
16487
18490
16319
15293
15106
17579
18491
17363
19168
16989
16663
16682
17389
17125
16850
17980
17529
18321
16760
16009
16756
17091
18572
16425
16623
16640
17180
17539
17322
18558
54784
27718
18158
18780
18059
17189
17644
17099
16758
17953
16837
18917
18466
17139
16635
17706
16976
16522
16094
16795
17621
17414
16342
18429
17115
17675
16786
16313
22326
17394
18107
17172
16063
15896
16262
17151
16931
16269
16424
16876
16874
17373
15668
18075
18776
16466
15989
17285
16583
18917
17359
17066
17642
19593
17233
16141
20510
18799
16598
16830
22467
16951
16182
16925
17033
16803
17034
17071
20735
15919
18861
17598
16835
17060
17055
16739
17593
16175
16586
17590
15762
16279
17952
16140
17801
16412
15686
18309
16860
16371
16967
15893
16710
17664
20146
18559
19030
17488
16108
16429
17232
16314
16526
16601
22092
17449
16167
17553
17373
15539
16713
18329
17059
17195
16176
16722
19105
19325
17173
17218
16668
17618
21785
16874
21067
17703
16900
17324
17922
16962
16691
16246
16920
16751
16499
16955
16011
15521
16466
16221
17316
19019
16769
16880
16331
17488
18088
17226
21848
15452
16811
16926
17235
16552
18513
18914
17399
16669
17685
17499
16800
17805
16251
23503
21978
17445
17638
16730
16847
16007
16178
19083
21522
16377
17323
16783
16820
16547
16456
17158
18719
16796
16385
20419
16478
16751
15211
23096
20779
16729
18340
17041
16642
19924
18219
19709
21734
17664
17518
17179
16736
17198
16665
18232
19522
16917
17474
19235
16564
16638
17914
16935
18309
17194
16217
16355
17861
17641
16104
18585
17708
28657
18151
16792
15977
16779
16472
16396
19087
16615
17139
17296
16824
17165
16679
16345
17392
17201
17799
16445
16159
17080
17077
16544
19123
17722
16628
16671
17039
18324
17367
17217
17513
16480
17406
15717
19889
16489
15845
17347
21581
16520
17143
17123
16806
17857
17233
16404
17170
15560
16235
16970
16649
18217
16952
16642
20557
18759
16410
15914
16135
17124
16519
16022
21082
16260
16484
17144
16187
17634
17359
16841
16838
17171
17893
16537
17357
17597
17078
15951
17258
15456
16189
17083
17561
17241
17024
16804
17698
19085
15805
16746
16552
16182
17947
16704
16931
17132
17017
17743
17110
16769
16399
16481
17895
16192
15487
16668
19996
16865
18613
27642
23918
19168
18158
17102
16537
16890
15284
16103
19788
17349
17329
16983
16306
15504
16200
18501
17121
17096
16995
16605
16884
16764
18043
16980
18168
16271
18878
20998
17077
17011
16529
16712
18603
17149
17676
17476
16351
18206
16340
14731
20282
15994
16368
17397
16394
16239
15289
16044
19885
16477
16039
16676
16445
16718
17150
19015
21910
16188
16760
16392
17931
15900
15867
16285
17584
18756
16349
16664
16147
15289
15502
16137
21910
18551
16441
16586
16717
16481
16297
14867
18090
17559
16561
16862
16854
17742
17769
16506
18302
16705
17193
16636
19450
16066
16096
16107
16740
17903
15478
16519
19527
16747
16998
16469
17424
17651
16312
16355
16387
15428
16532
15273
19176
18581
17868
17129
17311
18463
16843
16558
21769
16886
17768
16778
16672
15246
18237
17216
17821
17034
16629
17003
17108
16570
15169
15805
18957
15605
16576
16263
16246
16640
25102
17945
17119
20954
16438
18014
17322
16100
17943
17762
19648
17605
19380
17135
16916
18619
17318
17524
21942
17573
20000
16712
18987
16410
16715
16091
18482
19203
17038
17801
17390
16659
18574
17968
23736
16776
16630
17793
17176
16599
16661
17071
21818
17268
17222
16880
18176
16356
17316
16985
17957
17092
15662
18686
17446
16069
16482
16384
21275
17994
17081
16182
21290
15539
16391
16492
21299
18142
17525
16893
16456
16255
16545
15781
17684
16577
18511
16888
16842
15912
17043
17958
21114
17504
17208
17777
16176
16265
15778
15116
18045
16451
16693
16618
18105
18875
15615
16551
17382
16590
17005
15490
17430
16385
16644
15260
22050
19466
15582
17140
16944
21944
17239
16381
22412
15891
16018
16653
16514
17094
19921
17100
17260
15294
16442
17001
16947
16050
14855
16141
21005
15542
16340
16722
16895
15975
15522
16161
17705
16912
18003
16876
18403
16477
18123
16873
18612
18224
17012
17190
16917
16319
16863
16571
17779
16741
16677
23894
36031
35602
23143
25300
30353
25272
30494
31682
32521
29290
37336
32742
31922
43607
35280
33857
39187
30049
31927
36843
38993
37429
37459
36541
41016
34671
33021
34454
39290
34417
41379
35807
33964
34632
35267
27950
36466
36324
39303
40892
36370
30411
27895
29471
32993
32864
37522
34505
30982
36012
33348
36984
35493
36596
36263
28609
38071
37318
34298
37742
36680
46043
32413
30849
32283
39722
30780
37858
35354
30740
36161
38250
30428
33876
40738
30640
32985
36551
30945
33747
38039
35789
39743
34493
38284
34724
35685
35584
39159
32913
29834
38813
33679
32276
31355
36216
30601
31128
34690
33557
35157
35592
33606
33317
35362
46485
28508
29543
34354
41746
38180
34821
33095
34875
34055
36018
36432
34679
32153
35708
40335
29864
33043
37156
38537
37957
36363
36314
28329
35869
29050
35519
30470
33576
36090
35089
35782
36122
24721
40196
35186
33476
37355
35715
33464
28259
36030
33806
33164
36567
33971
39936
30745
40188
34536
35582
48520
33716
32724
34150
23673
33984
28273
32402
32873
35071
39273
36195
40915
36678
31607
36248
34145
70766
33223
40030
43281
34974
31408
24048
22257
29067
31612
29243
23292
29772
20783
23312
26603
30565
22549
21414
24300
22668
21739
22063
27671
23283
22450
21021
24759
23842
22656
21802
22143
20693
17371
17813
18335
17444
16788
17023
17409
18591
17041
17094
17882
18372
16658
18505
18065
18434
17145
17661
16887
16257
16762
17550
17533
17193
18220
17415
16380
16548
15642
17938
21055
18986
18039
17055
17454
16811
17385
16727
18511
17070
17278
16824
18903
17299
17585
16813
18583
16507
16722
16504
17352
20077
24131
16988
19737
16794
16608
17606
18043
16381
16582
17480
22120
17256
16655
19366
17352
17590
16480
16822
17755
16304
15630
17201
17793
17250
16918
19113
17536
16815
16853
19267
16816
17256
17034
17018
17124
17683
18819
16572
17036
17139
16529
18648
18078
17016
17393
17683
16585
16548
17266
16113
17489
16963
16474
18602
16800
16721
17005
16695
17444
16638
16619
16962
19127
17261
17079
16941
22980
18454
16960
17024
17336
16300
19200
15429
17089
18176
16543
16965
17185
15695
16694
16265
18307
17898
16916
16997
16332
16881
18065
16599
18975
17008
15727
16253
16398
18127
17249
18528
17599
16347
16181
16847
18422
22708
16895
16572
18158
16577
18697
17769
16455
16311
17161
17574
18320
16544
20566
16708
16284
17160
18290
18172
17098
16806
16717
18101
17524
17380
16387
16238
17838
17659
15449
17571
16692
21472
18708
23293
24568
16995
16251
16982
18177
18399
17217
22053
18994
17695
23758
19505
18907
17647
18200
21308
22411
15641
17249
17557
18469
17014
20730
18164
22264
19867
17221
20524
17666
18956
16522
16597
21501
17863
23033
18102
16865
16634
16531
16757
19720
20088
16883
18064
17000
17695
17907
17936
18365
23032
17152
17449
16549
16049
16239
18498
18406
16863
18659
17049
16453
16653
16600
16029
20978
16893
18157
17605
17300
16908
17633
17485
24717
17423
18142
17646
16255
16458
16269
16798
21364
17132
17492
17504
17064
16911
17462
16782
17726
16852
16450
17033
16472
16273
16864
15231
18299
16186
16917
17696
16866
16602
16653
17161
23395
17910
15757
16359
18113
16539
16932
16980
17704
16410
15816
18560
15789
16114
18460
17249
26336
16399
16434
16974
16247
17008
17084
16001
18930
18462
16545
16560
18344
18124
17096
18981
22499
17298
16841
17798
17561
16731
15653
17779
17613
16453
18609
16951
17045
16968
16491
18194
17108
15320
16583
17160
16798
15174
16239
16208
18289
18105
16813
17432
16535
16944
18175
16805
19443
16568
15201
16143
17216
21582
16877
16322
17340
16437
17114
17142
16622
17331
16556
17030
22300
16493
16444
17663
17393
16309
16938
16331
19513
16933
16350
17922
16937
17806
17594
16462
21644
17638
17204
17528
19452
16660
18518
16335
19255
16839
16991
17944
17621
17332
17032
16553
16807
18065
16536
17328
16933
16570
16666
17063
17443
17348
17390
17053
18725
16861
17053
17544
18392
17389
17552
18653
16046
16525
16042
16661
17133
16761
18800
17063
19406
18831
17002
17215
16982
17528
22620
16211
17293
16466
17060
16996
19356
17218
17749
15024
17089
16883
16760
16806
17568
18476
17944
16439
16931
16279
16876
17317
17830
17014
20888
17209
16822
18096
16462
16871
17214
17194
18128
18717
16899
17700
16126
16772
16618
16817
17610
20140
18863
17162
15406
16807
16844
17845
16999
16693
19634
17357
17069
16704
16976
17128
19524
16674
16511
16413
17154
16018
16837
16574
23443
17053
17127
17464
18366
17456
16943
17095
17696
16699
16917
16497
16411
17137
17281
17314
17311
17264
17339
16689
16077
16350
17640
17811
20237
17776
15898
16371
16467
15747
16709
16843
31679
17008
16335
18768
17090
16272
16757
16925
17462
17759
16862
16835
17285
16882
22656
17035
17483
17090
17551
17942
16988
18847
17161
17307
17502
16185
17763
16641
16518
17262
16902
18812
16770
16660
17423
16292
16515
15538
17849
18077
23065
17275
17034
17903
18634
17154
17484
19618
16854
16294
17333
16549
16426
18081
16956
16956
18221
17048
17581
18405
16486
14928
17170
18320
22876
17988
16735
16754
16726
15342
17550
16944
18908
16919
18781
17743
16689
16681
16212
17121
17766
16317
17471
16869
17512
16778
18735
16974
21369
17229
16364
16288
16343
18157
17666
17164
19583
16367
16799
17310
17799
16047
16741
16410
17910
16264
16928
15866
16211
20879
16482
16434
17267
17185
16909
17700
18422
17117
18380
17068
18046
16444
17263
16977
16051
16810
18385
17568
17970
16517
16586
16821
17117
16304
17342
17174
17580
17608
17271
17309
19421
17293
16692
17096
18163
17680
22288
16785
17089
18876
16643
16953
17727
16983
17755
18478
16406
16472
17493
16430
17916
16556
16516
16111
16641
15239
16860
16780
19350
15851
16438
16695
16729
16931
23685
18652
17606
22307
17845
18633
18895
19585
16731
17312
17431
16702
16781
16326
18075
17129
16083
18336
21723
17213
16731
16489
17791
17402
18003
17315
18272
17911
17368
19427
17007
17276
17115
17100
18181
17564
18183
17417
17483
17568
17504
18747
17830
16446
17911
16210
16825
16727
16499
18055
17193
17289
15514
16712
16679
16694
17631
15960
24952
18435
17142
18933
16749
16406
16590
18178
19864
18073
16342
16249
15944
16305
16805
17405
17557
16304
15469
16603
18254
16935
18477
16317
18746
17170
17709
16952
16458
17189
17133
19406
22324
17003
16338
16543
17367
16074
18468
17479
22302
16310
18838
18079
17086
16881
17616
17829
17520
18341
16669
17675
20828
17463
22864
22700
24723
17865
17708
17170
16635
19376
17891
17857
22038
17125
17127
16182
19597
17437
18651
16931
21023
19855
16948
17122
16973
18868
16851
18611
22450
16476
18884
16792
16310
16638
17497
22621
18872
17425
16514
20381
16209
15584
17078
16824
17279
17125
16775
17529
17343
18719
16646
17426
21745
16330
16593
16506
17851
15621
16990
17337
24379
16628
16842
18587
17313
17296
16861
17104
19356
16718
17795
17068
17762
18449
16948
17998
17973
16513
17532
16692
18262
16535
17239
17647
22433
16519
15599
17007
17302
17362
16922
16552
17196
17490
16228
16902
16818
16638
17120
16660
17755
16809
16655
18893
17151
16609
16718
16908
19813
17071
17154
17331
17472
16950
16171
16459
17364
17374
17202
17069
16311
16287
16482
16726
17351
17124
18661
17872
17032
17124
17513
16626
17984
19611
25105
25452
25847
24624
19425
17548
17403
23928
17143
17101
17601
17539
17101
15881
16166
17925
29256
18384
16849
16170
17263
17058
17360
17366
16799
16599
18947
17614
19301
17275
17495
17093
20497
20778
17171
17536
17550
16647
16331
16703
25304
19267
17999
18409
27203
18505
16961
16885
17556
16851
19210
17083
16004
16983
17922
16744
18443
18835
16774
17412
16683
17290
17613
18213
16494
15679
18082
17102
16456
17319
17085
16983
17052
16700
16494
16744
17539
16263
17396
16302
16388
16391
17164
16635
16666
16131
16475
16925
17028
16771
16566
16585
17758
15958
18459
16105
18122
17607
17797
16905
16352
25507
17602
16894
17294
16628
16856
16684
18040
16723
16723
24166
17920
16404
18513
18382
16542
16321
17618
16400
17652
18079
16677
16898
17253
17183
17335
16930
16721
18009
17342
16942
19114
16646
18942
16897
17639
16741
17423
16406
16678
16280
17115
17631
17657
17294
17950
18101
16743
17561
16913
16220
16723
14541
16992
18304
16932
16423
18542
16494
17464
16909
17474
17538
17065
17763
16675
17101
17128
16160
16780
16493
16361
16674
16865
16776
16988
20628
15959
16980
15747
17616
18629
16283
17629
17159
16323
16846
18547
17611
16974
18531
16104
16849
16750
15892
16864
16220
17091
17080
16675
16861
16803
19924
17365
19252
17054
16811
17296
17436
18130
17636
16947
16802
17268
16826
18778
27299
32408
19050
17699
22795
16717
16857
16485
15437
18949
16940
17330
17674
16812
16220
17001
19941
18284
17047
16563
17633
18214
16819
16651
18280
16834
17843
17238
19534
16720
17565
16790
17375
16347
17205
18698
16725
16170
17222
16048
15985
16916
15920
16885
17891
18022
16442
17598
16613
18080
16909
18799
17551
17942
18555
17316
17093
17462
16261
16479
16887
17158
16975
18080
16879
16858
18239
17085
16814
16364
16720
16985
17109
17622
17020
17617
16804
18535
16836
16679
17151
17419
18692
16718
18374
17870
16610
16505
16357
17275
16589
31181
22758
18154
16706
16265
21323
17597
16581
19650
17212
17290
17386
19275
18726
21243
17706
16490
16739
16531
17262
18080
15745
17217
17708
16859
16493
18319
17968
16983
17320
17657
18449
17132
15388
17121
18025
17271
17439
18859
17267
17437
17205
16933
20567
17435
16663
17130
17552
17860
16400
15146
16676
17609
15465
16974
20011
17267
17042
16926
16710
16448
16679
17148
17290
17258
16029
15572
16402
16331
16164
16381
17802
16900
16401
16427
16603
16627
16031
17230
18913
17959
17137
16834
17629
18484
17404
16785
15025
17140
17856
17234
17140
16728
16282
15973
17385
15922
16435
15939
17271
16713
17198
19382
17723
16582
16067
16825
16777
19651
16946
17283
16626
18652
16564
15857
15830
16319
17602
18189
18077
16213
15389
16448
16422
18476
16842
16742
17077
17741
18619
16498
17719
16729
17231
17608
16960
19030
17517
16784
16786
17315
18925
16936
16844
15480
16470
16739
17218
16565
15665
18397
16116
15832
21360
18524
17288
18806
17272
17040
17796
16610
17767
16122
17593
16871
17051
17329
17109
19327
16891
18507
16865
18348
16883
17508
17859
16921
17131
17143
18563
16851
17253
16825
16955
15769
17375
18721
17541
32713
19768
19395
17853
16580
16358
18065
17577
16468
16622
17274
18414
16727
17257
16845
16945
17026
17257
21082
17298
16217
16794
17145
17372
16553
18868
17148
16970
16755
18499
18598
18229
16437
17784
17112
17122
17093
18240
16575
17010
16465
17559
18502
16479
16495
16433
17199
18338
16627
15962
16800
16128
16554
17425
18100
16763
16585
17227
16816
18421
16198
15759
16231
16563
16133
17415
16708
17063
19371
17643
16364
16366
16641
17144
16197
16886
16567
16929
17541
17220
17946
16878
16906
17068
14911
17291
16018
16921
16697
16863
16238
18516
16378
16749
17280
17624
16968
16983
17659
17090
16751
16790
16196
18361
16538
17137
26017
16931
17646
16632
17654
16996
16979
19179
16857
17960
16392
17508
16648
16906
16728
16862
16794
16531
15249
17107
16531
16749
17125
17327
17735
15723
16601
17010
16630
17186
16443
24718
17261
16210
17041
16874
16640
16597
17111
17764
17789
15549
16357
17117
16660
18388
15786
17716
16595
17073
17483
17408
16938
18696
16397
16869
16965
17372
16609
16795
18396
17144
22817
17752
17177
19010
17281
16558
16706
16428
16556
17837
17605
16447
17138
17348
16976
17411
18904
16396
16753
17565
16572
17292
16295
17380
16556
16969
17726
16592
16243
17710
17547
17481
16970
17902
16632
16210
16802
16291
16383
16811
16410
16608
18406
16641
16100
16124
16192
17955
15999
15832
16645
16397
17691
17187
19535
16804
17837
17948
16450
19466
17216
17172
17911
18159
18308
17497
16431
16603
17940
17370
17173
15380
16810
16511
17194
16824
17860
17045
16995
18564
16605
16174
16961
17053
16564
17474
16819
17179
15940
16779
19440
17817
16851
16943
16503
18806
16608
16780
17241
16518
17221
20941
18489
16334
17128
17492
16849
16904
17346
16747
16824
15752
16651
16923
16892
17131
32540
16937
16546
16664
17612
17839
17121
16354
17051
16442
17958
16680
17315
16523
19223
16957
17381
17574
16727
18301
16489
17055
17947
16627
16275
17700
17248
17308
20885
16400
16843
17363
16315
17081
17242
16960
17636
16201
16327
17988
16613
16971
15962
16546
16808
17550
15432
17095
16756
17358
16400
16859
18624
16771
18336
16662
17292
16518
16611
16994
16137
16532
16582
15918
16584
16952
16827
16747
16371
17893
16694
16676
16455
18791
16719
17209
16051
17173
19576
17102
17448
16755
17129
15936
16645
16735
18293
17003
16544
18621
16376
16512
16560
17719
15961
17228
18069
16514
17142
15759
18002
18600
17230
17535
24757
18755
18587
18440
17179
17236
16495
17036
16268
17704
16087
15889
16598
16733
16590
16292
18013
16523
16476
16924
16694
19100
19332
18378
17515
17270
18453
17026
17468
17526
16540
16356
16431
16868
17115
18097
16501
18144
16854
17926
16751
17464
20379
17380
18993
17224
16521
16189
16353
17462
16321
16947
18826
17639
17197
17657
19007
17566
17522
17277
16739
17392
17520
15862
14974
16635
15290
16561
17061
15871
16576
17592
15794
16638
16800
17040
17370
16637
16182
15890
17991
16674
17441
15558
17168
17013
16802
16118
16447
17334
16886
18627
16750
19123
16048
16401
16738
17341
16938
16463
16945
16844
19841
17044
15516
17837
17165
18440
16902
17341
16560
17601
16186
16955
17894
15705
16398
17243
18284
21733
17098
17042
15263
16117
16369
17037
18462
17183
23367
17743
16269
17160
16795
18233
21672
18840
16560
17513
16357
17457
18191
26628
23317
16886
16148
18506
17766
17425
17167
16544
16980
16311
15261
17010
16701
18201
16393
17241
18850
17118
21406
16896
16766
17000
17141
16839
17483
17023
17855
18564
18151
15505
17454
17006
18078
17823
16135
18965
17308
17217
16442
17221
17039
19624
16899
16856
16841
16867
17197
16598
18016
15732
16147
16785
17301
17644
17175
17517
16864
18257
16183
16643
16053
16570
16780
17437
18596
17541
15933
16785
16518
17140
16258
19572
17530
16420
16322
16783
20294
16547
16056
16720
16474
17309
16717
16409
16265
16795
18234
17148
17331
16836
18089
16275
16071
16852
17998
18145
19190
17594
15390
16952
18236
17412
16491
16670
17124
18353
18479
17442
16221
16961
17222
17841
18602
17259
16220
16796
16453
19586
15832
17084
17251
16301
16139
17663
16910
17359
17486
17275
16607
16428
16371
16712
16343
16556
17477
17946
17032
16483
16500
17314
18247
17042
17954
17661
16598
16219
16441
17035
18405
16919
16864
18603
17682
18793
17894
16927
17281
16825
17433
16652
18832
17086
17312
16817
16520
18602
16612
18424
16747
16091
16851
18423
16532
17655
16487
16439
18060
17161
18480
17424
16746
16081
16245
16951
17675
18729
17455
16981
17238
17040
17119
16785
17117
16867
16681
18289
16948
17744
16650
16523
17445
17251
16240
16163
19522
17167
16905
17636
16820
17445
16599
17207
16866
18268
16959
17323
17653
17100
16543
17360
19016
17034
16541
16921
16977
17304
17875
17160
16578
17197
16876
16971
17000
16404
14638
17062
17674
15974
16752
16979
16248
17934
17952
17243
16665
17613
18157
16382
17157
17293
16826
17327
16617
17463
16482
16191
17349
16337
16843
17732
17638
17215
16819
17117
18190
16906
16857
16760
16546
18368
16628
17167
17666
17507
18477
17428
16109
16635
16086
18687
16577
23424
17622
16886
17383
16602
17812
16199
16158
15978
17419
18423
16355
16491
17336
17419
17070
16260
14798
15395
15846
16626
16087
16934
17530
16471
16549
18037
17276
17042
17182
16472
17753
16452
16295
16708
24006
17490
17379
17018
16651
17988
16864
17018
17449
17266
18274
17069
16304
18225
18955
16637
16516
19267
16487
16958
17052
17198
17935
17300
16621
17006
16874
17436
16846
17497
16866
16393
16342
16327
16082
16948
16664
16900
16877
18717
16494
16861
16758
17067
18574
16420
16959
16920
15430
16714
17080
21231
16862
16671
16714
17470
18740
16843
16355
16647
17066
18048
17136
17373
16841
17249
17999
16782
19143
17704
17440
16994
16643
22891
17181
17252
16562
16640
16920
16674
19017
16555
18442
17681
17004
16679
16543
16953
17953
16771
16278
16414
16851
16552
17935
17631
16650
17263
16501
16758
16980
18040
16532
17949
16440
15281
19282
18681
16771
16991
16617
16855
17370
17402
17308
16519
16834
17442
16976
16698
16830
17400
16199
17074
17587
17025
16118
16512
18130
17505
16355
17637
18956
17465
16888
15532
15345
17349
16350
19322
17038
17732
17825
16587
17429
17087
17221
16820
16748
17804
16431
17256
17083
17383
16671
17292
16473
16733
19572
16029
16826
16990
16192
17455
15593
16231
16931
17240
18179
17405
17530
16423
17339
16843
17891
15564
17077
17614
17299
16851
15983
16284
23946
22253
18668
17404
17045
17520
17339
16605
16522
17338
16755
18400
16946
17844
16564
16643
16731
16410
18540
16864
17387
16509
17065
17996
17992
17602
16714
17727
16858
16940
17014
17630
18270
16391
17828
16583
19462
17063
16634
16569
16465
18326
16542
16809
16721
16113
16440
14838
16650
17723
16926
17460
16853
16088
16751
17230
15846
17159
20924
17949
16768
19768
17232
16850
17130
18343
16428
16519
18179
17004
17094
17289
19364
20443
17137
17137
17395
16904
18804
16538
16585
16328
16955
17505
17454
19025
16704
16676
17259
17509
16279
18252
16803
18010
16969
16479
15562
18786
16851
17281
16321
16945
16819
15021
17522
16739
19556
17747
17271
17080
16835
18855
17229
16836
16833
17592
17259
17900
17534
16822
19077
16760
16368
17026
16992
16597
17268
18859
16918
17652
16566
17195
17656
17052
19266
17190
17086
17175
16795
17197
16844
19248
16919
16091
16900
17300
17645
17552
16586
16929
17316
16566
19504
16199
16641
17090
17869
17621
17376
17314
20679
16828
17787
17324
16626
17190
17606
16150
17353
16946
16577
18009
17504
17676
17359
16739
16439
16152
16523
17319
17224
16263
17201
17039
22462
17580
18741
17439
16670
16667
16433
17030
16634
18494
16335
16433
15523
16747
19016
16585
16741
16445
16422
20763
23746
18498
19086
19735
17488
18512
17330
21627
18105
17049
22068
20395
16867
17078
16789
19357
18210
16822
18500
16746
19530
19314
17500
17076
20904
17042
17956
16929
36032
18028
16067
15775
16915
16999
17037
16561
16973
18635
16572
19195
29389
18019
18114
18451
16989
17356
17065
17680
17027
17440
17202
17072
16863
17037
17049
18511
17179
17729
17726
17310
19135
16365
16299
16724
18002
17227
15752
16476
16114
17373
16769
18162
16762
17320
17100
16862
15518
18192
16509
17468
17268
16999
17168
17019
16821
16714
16138
17013
16609
17988
17482
16975
16587
17932
16722
18342
16205
16864
15965
17453
16756
16798
16444
17109
18781
16848
17332
18042
16429
18551
15882
17258
16694
17559
18929
16745
16537
17829
17238
17300
16399
17138
17003
16157
17193
17740
17110
17219
18394
19907
18001
17136
18343
16519
16521
19059
16729
16699
16861
16887
18321
16799
76406
17175
17321
20468
17974
17265
18468
17004
17485
16818
18505
17842
17615
17760
16713
17560
16775
17247
16492
17323
17365
16872
15183
17456
14694
65842
28077
20028
19746
17598
17638
16538
17904
16845
16491
17672
16897
17689
18155
17568
17510
16916
17918
17921
16844
23040
19865
17267
16764
17803
16906
15239
17303
18042
16691
17981
17056
19001
17462
17192
18825
22080
17127
19056
15906
19037
17330
16668
16641
16933
17956
17773
17518
18260
16793
18524
17020
23821
17151
17075
17125
16539
17142
17879
14814
19152
17351
16484
17886
16207
14951
17642
17590
17629
16079
16246
19384
17353
17969
17113
17607
19144
15262
17385
18753
16499
16845
16450
18280
17754
30035
17747
16306
20202
15904
17415
16978
17432
17249
16644
17421
16908
16298
17549
18899
21538
16686
16769
16375
15440
16498
17982
22944
16814
16958
16486
16689
16707
26943
18267
17419
19947
17069
15797
17556
24091
17006
16210
16545
17668
16789
16654
17327
16906
16993
15645
19077
22338
18646
16511
16506
17246
16792
16922
17478
22441
16966
16214
17993
17420
17241
17279
17577
21259
20407
16268
17192
17299
18105
18400
17004
17057
17893
17635
17497
16602
16438
17088
17278
16131
17574
18394
17683
16814
16620
15277
23527
17711
17884
16871
16196
17093
16475
18758
16388
15961
20945
16499
17479
17437
15046
16757
17253
17581
17210
16936
17287
17502
18548
18478
16557
23473
20241
17331
16959
16134
18160
16479
18060
16869
17442
17282
16485
15974
16125
16743
16582
17321
16874
18740
16112
16417
17899
17324
18892
17448
21520
16178
16941
16302
23251
17399
16184
16217
17461
16620
18139
17157
16049
19951
16795
16329
17186
17691
16903
15944
17114
16587
18283
16211
21750
16454
17741
17151
17252
18761
15360
16383
16892
22254
20935
16522
16379
17882
16753
16020
21880
17273
14942
16393
16333
17420
16102
15685
19073
16168
16000
16574
15436
16768
15364
16090
17508
16333
16395
17184
17974
16964
17405
18351
25025
16061
18934
16924
17021
17349
16408
15528
17959
18634
16757
24912
17631
16476
17316
16394
21324
16684
17080
17435
16166
16820
17597
16574
16565
16898
16185
17009
16063
15993
15411
16193
19106
16869
15173
16468
15191
18520
15100
16478
16963
16943
17060
17254
16610
18020
16547
16291
17332
17227
16738
16440
16000
18044
16589
17336
20776
16832
16520
19026
17344
16973
16949
16338
20166
17361
18300
16962
17465
17038
17949
16806
17599
17258
15629
15923
16327
16773
16880
16690
18015
18453
16868
16432
16889
18095
17906
16497
18003
17027
16678
15348
16125
17048
16090
16079
16791
16602
20200
16719
16433
17206
16386
15788
17329
16832
16040
19132
17321
16956
17269
17873
19714
16624
17127
16626
16204
18503
17947
18206
22800
17692
17104
16891
16751
17733
17476
17649
21025
17403
23864
18684
16487
17365
16787
16507
18628
16938
16205
16380
15696
18372
16293
17432
21270
16766
17050
16319
16125
16747
16779
16778
18271
18938
15416
16943
16880
16433
16874
16287
22558
16378
17352
16525
15168
16832
17367
16495
17133
16746
16800
16684
16849
16886
16540
17924
17972
17410
16401
17530
16595
19630
17156
16601
22451
17645
17922
17247
17081
17108
17296
16583
23217
16730
16253
17582
17341
17065
15908
17681
16825
17072
16123
15938
17053
16159
16307
16132
16442
17260
17200
17314
18389
17395
16798
16492
18054
17334
16478
18191
16402
16914
16545
16656
18277
16753
16871
15140
16176
16947
15155
16246
17321
17161
16720
16383
17555
17918
17105
16355
24081
17383
26081
17146
16221
16748
16641
18234
18131
16936
16835
20513
17528
16877
16900
17198
20662
21661
21775
19542
17455
17965
16804
16843
17482
16814
17255
17163
17319
17716
16523
18961
17645
17425
17590
15839
17413
17446
16988
20191
20449
16553
16706
16305
18452
16325
18659
16919
21242
17619
17959
17037
17155
18586
17457
16723
17218
17494
18017
16118
16238
16374
17873
18190
22177
16854
17084
16498
16936
16399
16318
16420
22250
16920
17572
17109
16332
16945
17139
17679
21523
16459
17369
16839
16704
17581
17014
20791
18359
16514
16877
17439
20484
21177
16301
17821
17960
17276
17365
17193
17745
17473
16588
17325
17077
17225
16930
16740
17109
17451
16710
16575
18247
16907
16434
15578
16951
17100
19140
17175
21978
19042
17296
16735
16828
16560
17189
17040
23254
16697
16741
17081
16811
18824
16680
15652
17589
16772
16869
16260
16303
16255
17555
17636
22219
18916
17387
16523
16359
16327
26864
16374
23712
15904
17091
16693
16447
14896
16961
16686
17522
16688
16449
17388
16613
18015
16377
17260
18883
17074
16516
22126
17149
17021
18257
17391
19010
19706
16522
17060
16769
17064
16599
15616
17467
17602
16899
17310
18240
16857
17541
16990
22450
16854
18567
19876
16929
17042
17610
17138
16578
17567
18885
17539
18565
17170
17107
17092
18174
16282
17290
16997
17780
16629
17487
16288
16954
16715
16781
17469
16622
17074
17619
18422
16685
16440
16896
16539
18206
17105
17323
16461
16254
18584
16647
17046
16697
18153
17917
16334
18118
16282
17216
15692
17862
18644
22322
16589
16699
17109
16402
17424
19762
17370
18665
15968
16182
16356
17808
17604
16633
16516
17570
15933
16498
15725
16965
17400
15595
17090
19478
20816
16229
18178
17531
16830
16789
17383
17913
16160
17854
16343
18533
16810
16617
16560
17893
17265
16715
14990
15043
23505
17531
15299
23421
16475
17755
16683
15243
18576
16777
17429
20268
16472
18106
16110
18270
17575
16696
15149
22066
18772
17194
16028
16351
16841
18208
17276
22055
16068
15778
17458
17556
16730
17261
15402
19603
18543
16659
16111
17611
17022
16321
14984
18689
16753
16215
16752
17883
16653
19133
18800
17410
18441
16896
17023
16422
16945
17391
17755
22921
18079
17432
17599
16301
17384
16802
16382
16786
16545
17325
17359
18984
18348
16880
17309
17481
18403
17637
16623
16829
16559
17025
16171
20884
16992
17855
15239
18270
